# relative_time, cycles_done, cur_item, corpus_count, pending_total, pending_favs, map_size, saved_crashes, saved_hangs, max_depth, execs_per_sec, total_execs, edges_found
60, 0, 0, 4, 4, 1, 1.28%, 0, 0, 2, 2.11, 409, 4294
65, 0, 0, 4, 4, 1, 1.28%, 0, 0, 2, 3.10, 428, 4294
70, 0, 0, 4, 4, 1, 1.28%, 0, 0, 2, 4.04, 448, 4294
75, 0, 0, 4, 4, 1, 1.28%, 0, 0, 2, 3.34, 459, 4294
81, 0, 0, 4, 4, 1, 1.28%, 0, 0, 2, 2.67, 467, 4294
86, 0, 0, 4, 4, 1, 1.28%, 0, 0, 2, 2.63, 478, 4294
92, 0, 0, 4, 4, 1, 1.28%, 0, 0, 2, 2.76, 494, 4294
97, 0, 0, 4, 4, 1, 1.28%, 0, 0, 2, 2.86, 508, 4294
102, 0, 0, 4, 4, 1, 1.28%, 0, 0, 2, 2.90, 521, 4294
107, 0, 0, 4, 4, 1, 1.28%, 0, 0, 2, 3.37, 540, 4294
112, 0, 0, 4, 4, 1, 1.28%, 0, 0, 2, 3.00, 554, 4294
117, 0, 0, 4, 4, 1, 1.28%, 0, 0, 2, 3.18, 571, 4294
123, 0, 0, 4, 4, 1, 1.28%, 0, 0, 2, 2.97, 583, 4294
128, 0, 0, 4, 4, 1, 1.28%, 0, 0, 2, 3.59, 603, 4294
133, 0, 0, 4, 4, 1, 1.28%, 0, 0, 2, 3.91, 623, 4294
138, 0, 0, 4, 4, 1, 1.28%, 0, 0, 2, 1.56, 633, 4294
143, 0, 0, 4, 4, 1, 1.28%, 0, 0, 2, 2.29, 648, 4294
149, 0, 0, 4, 4, 1, 1.28%, 0, 0, 2, 2.76, 663, 4294
154, 0, 0, 4, 4, 1, 1.28%, 0, 0, 2, 3.53, 682, 4294
159, 0, 0, 4, 4, 1, 1.28%, 0, 0, 2, 3.77, 701, 4294
165, 0, 0, 5, 5, 1, 1.28%, 0, 0, 2, 3.92, 721, 4301
171, 0, 0, 5, 5, 1, 1.28%, 0, 0, 2, 3.70, 740, 4301
176, 0, 0, 5, 5, 1, 1.28%, 0, 0, 2, 3.24, 752, 4301
181, 0, 0, 5, 5, 1, 1.28%, 0, 0, 2, 3.65, 772, 4301
187, 0, 0, 5, 5, 1, 1.28%, 0, 0, 2, 4.11, 783, 4301
192, 0, 0, 6, 6, 1, 1.28%, 0, 0, 2, 3.49, 813, 4304
198, 0, 0, 6, 6, 1, 1.28%, 0, 0, 2, 0.74, 823, 4304
203, 0, 0, 6, 6, 1, 1.28%, 0, 0, 2, 4.69, 838, 4304
208, 0, 0, 6, 6, 1, 1.28%, 0, 0, 2, 3.98, 853, 4304
214, 0, 0, 6, 6, 1, 1.28%, 0, 0, 2, 3.50, 867, 4304
219, 0, 0, 6, 6, 1, 1.28%, 0, 0, 2, 3.86, 887, 4304
224, 0, 0, 6, 6, 1, 1.28%, 0, 0, 2, 3.35, 900, 4304
229, 0, 0, 6, 6, 1, 1.28%, 0, 0, 2, 3.57, 919, 4304
235, 0, 0, 6, 6, 1, 1.28%, 0, 0, 2, 1.83, 933, 4304
240, 0, 0, 6, 6, 1, 1.28%, 0, 0, 2, 2.94, 953, 4304
245, 0, 0, 6, 6, 1, 1.28%, 0, 0, 2, 3.13, 969, 4304
250, 0, 0, 6, 6, 1, 1.28%, 0, 0, 2, 3.87, 990, 4304
255, 0, 0, 6, 6, 1, 1.28%, 0, 0, 2, 3.57, 1005, 4304
261, 0, 0, 6, 6, 1, 1.28%, 0, 0, 2, 4.11, 1026, 4304
266, 0, 0, 6, 6, 1, 1.28%, 0, 0, 2, 3.63, 1042, 4304
271, 0, 0, 6, 6, 1, 1.28%, 0, 0, 2, 3.40, 1056, 4304
277, 0, 0, 7, 7, 1, 1.28%, 0, 0, 2, 3.05, 1071, 4306
282, 0, 0, 7, 7, 1, 1.28%, 0, 0, 2, 3.18, 1085, 4306
287, 0, 0, 8, 8, 1, 1.32%, 0, 0, 2, 3.44, 1107, 4429
293, 0, 0, 8, 8, 1, 1.32%, 0, 0, 2, 3.15, 1122, 4429
298, 0, 0, 8, 8, 1, 1.32%, 0, 0, 2, 2.69, 1131, 4429
303, 0, 0, 8, 8, 1, 1.32%, 0, 0, 2, 3.62, 1149, 4429
308, 0, 0, 8, 8, 1, 1.32%, 0, 0, 2, 3.24, 1164, 4429
313, 0, 0, 8, 8, 1, 1.32%, 0, 0, 2, 4.30, 1190, 4429
319, 0, 0, 8, 8, 1, 1.32%, 0, 0, 2, 3.68, 1207, 4429
324, 0, 0, 8, 8, 1, 1.32%, 0, 0, 2, 3.29, 1222, 4429
330, 0, 0, 8, 8, 1, 1.32%, 0, 0, 2, 2.79, 1234, 4429
335, 0, 0, 8, 8, 1, 1.32%, 0, 0, 2, 2.38, 1239, 4429
340, 0, 0, 8, 8, 1, 1.32%, 0, 0, 2, 2.10, 1246, 4429
346, 0, 0, 8, 8, 1, 1.32%, 0, 0, 2, 2.14, 1255, 4429
352, 0, 0, 8, 8, 1, 1.32%, 0, 0, 2, 1.78, 1261, 4429
358, 0, 0, 8, 8, 1, 1.32%, 0, 0, 2, 1.53, 1265, 4429
363, 0, 0, 8, 8, 1, 1.32%, 0, 0, 2, 1.38, 1269, 4429
369, 0, 0, 8, 8, 1, 1.32%, 0, 0, 2, 1.22, 1273, 4429
375, 0, 0, 8, 8, 1, 1.32%, 0, 0, 2, 1.12, 1277, 4429
380, 0, 0, 8, 8, 1, 1.32%, 0, 0, 2, 1.04, 1281, 4429
385, 0, 0, 8, 8, 1, 1.32%, 0, 0, 2, 1.24, 1288, 4429
391, 0, 0, 8, 8, 1, 1.32%, 0, 0, 2, 1.73, 1299, 4429
396, 0, 0, 9, 9, 1, 1.32%, 0, 0, 2, 2.10, 1323, 4429
401, 0, 0, 9, 9, 1, 1.32%, 0, 0, 2, 2.15, 1333, 4429
407, 0, 0, 9, 9, 1, 1.32%, 0, 0, 2, 1.82, 1337, 4429
412, 0, 0, 9, 9, 1, 1.32%, 0, 0, 2, 0.38, 1340, 4429
418, 0, 0, 9, 9, 1, 1.32%, 0, 0, 2, 0.68, 1346, 4429
424, 0, 0, 9, 9, 1, 1.32%, 0, 0, 2, 1.04, 1355, 4429
429, 0, 0, 9, 9, 1, 1.32%, 0, 0, 2, 2.36, 1374, 4429
435, 0, 0, 9, 9, 1, 1.32%, 0, 0, 2, 2.29, 1385, 4429
440, 0, 0, 9, 9, 1, 1.32%, 0, 0, 2, 2.25, 1395, 4429
445, 0, 0, 9, 9, 1, 1.32%, 0, 0, 2, 2.10, 1403, 4429
451, 0, 0, 9, 9, 1, 1.32%, 0, 0, 2, 2.38, 1417, 4429
456, 0, 0, 9, 9, 1, 1.32%, 0, 0, 2, 2.65, 1431, 4429
461, 0, 0, 9, 9, 1, 1.32%, 0, 0, 2, 2.73, 1444, 4429
467, 0, 0, 9, 9, 1, 1.32%, 0, 0, 2, 2.34, 1451, 4429
472, 0, 0, 9, 9, 1, 1.32%, 0, 0, 2, 2.39, 1464, 4429
478, 0, 0, 9, 9, 1, 1.32%, 0, 0, 2, 2.10, 1470, 4429
484, 0, 0, 9, 9, 1, 1.32%, 0, 0, 2, 1.81, 1476, 4429
489, 0, 0, 9, 9, 1, 1.32%, 0, 0, 2, 1.69, 1482, 4429
495, 0, 0, 9, 9, 1, 1.32%, 0, 0, 2, 1.54, 1488, 4429
500, 0, 0, 9, 9, 1, 1.32%, 0, 0, 2, 1.51, 1494, 4429
505, 0, 0, 9, 9, 1, 1.32%, 0, 0, 2, 2.26, 1509, 4429
510, 0, 0, 9, 9, 1, 1.32%, 0, 0, 2, 2.03, 1517, 4429
516, 0, 0, 9, 9, 1, 1.32%, 0, 0, 2, 1.85, 1523, 4429
521, 0, 0, 9, 9, 1, 1.32%, 0, 0, 2, 1.62, 1527, 4429
527, 0, 0, 9, 9, 1, 1.32%, 0, 0, 2, 1.57, 1533, 4429
533, 0, 0, 9, 9, 1, 1.32%, 0, 0, 2, 1.85, 1545, 4429
538, 0, 0, 9, 9, 1, 1.32%, 0, 0, 2, 1.90, 1554, 4429
544, 0, 0, 9, 9, 1, 1.32%, 0, 0, 2, 2.79, 1570, 4429
549, 0, 0, 9, 9, 1, 1.32%, 0, 0, 2, 2.43, 1577, 4429
555, 0, 0, 9, 9, 1, 1.32%, 0, 0, 2, 2.37, 1589, 4429
560, 0, 0, 9, 9, 1, 1.32%, 0, 0, 2, 2.00, 1593, 4429
566, 0, 0, 9, 9, 1, 1.32%, 0, 0, 2, 1.71, 1597, 4429
571, 0, 0, 9, 9, 1, 1.32%, 0, 0, 2, 1.48, 1601, 4429
577, 0, 0, 9, 9, 1, 1.32%, 0, 0, 2, 1.31, 1605, 4429
582, 0, 0, 9, 9, 1, 1.32%, 0, 0, 2, 1.17, 1609, 4429
588, 0, 0, 9, 9, 1, 1.32%, 0, 0, 2, 1.07, 1613, 4429
594, 0, 0, 9, 9, 1, 1.32%, 0, 0, 2, 0.99, 1617, 4429
599, 0, 0, 9, 9, 1, 1.32%, 0, 0, 2, 0.93, 1621, 4429
605, 0, 0, 9, 9, 1, 1.32%, 0, 0, 2, 0.88, 1625, 4429
610, 0, 0, 9, 9, 1, 1.32%, 0, 0, 2, 1.73, 1638, 4429
616, 0, 0, 9, 9, 1, 1.32%, 0, 0, 2, 1.76, 1646, 4429
621, 0, 0, 9, 9, 1, 1.32%, 0, 0, 2, 1.99, 1656, 4429
627, 0, 0, 9, 9, 1, 1.32%, 0, 0, 2, 1.70, 1660, 4429
632, 0, 0, 9, 9, 1, 1.32%, 0, 0, 2, 1.48, 1664, 4429
638, 0, 0, 9, 9, 1, 1.32%, 0, 0, 2, 1.30, 1668, 4429
643, 0, 0, 9, 9, 1, 1.32%, 0, 0, 2, 1.17, 1672, 4429
649, 0, 0, 9, 9, 1, 1.32%, 0, 0, 2, 1.07, 1676, 4429
654, 0, 0, 9, 9, 1, 1.32%, 0, 0, 2, 0.99, 1680, 4429
660, 0, 0, 9, 9, 1, 1.32%, 0, 0, 2, 0.93, 1684, 4429
666, 0, 0, 9, 9, 1, 1.32%, 0, 0, 2, 1.13, 1691, 4429
671, 0, 0, 9, 9, 1, 1.32%, 0, 0, 2, 1.52, 1701, 4429
677, 0, 0, 9, 9, 1, 1.32%, 0, 0, 2, 1.72, 1709, 4429
683, 0, 0, 9, 9, 1, 1.32%, 0, 0, 2, 1.86, 1720, 4429
689, 0, 0, 9, 9, 1, 1.32%, 0, 0, 2, 1.60, 1724, 4429
694, 0, 0, 9, 9, 1, 1.32%, 0, 0, 2, 1.40, 1728, 4429
699, 0, 0, 9, 9, 1, 1.32%, 0, 0, 2, 1.36, 1734, 4429
705, 0, 0, 10, 10, 1, 1.32%, 0, 0, 2, 14.41, 1759, 4433
710, 0, 0, 10, 10, 1, 1.32%, 0, 0, 2, 1.92, 1770, 4433
716, 0, 0, 10, 10, 1, 1.32%, 0, 0, 2, 2.79, 1787, 4433
721, 0, 0, 10, 10, 1, 1.32%, 0, 0, 2, 2.67, 1800, 4433
726, 0, 0, 10, 10, 1, 1.32%, 0, 0, 2, 3.20, 1818, 4433
732, 0, 0, 10, 10, 1, 1.32%, 0, 0, 2, 3.50, 1836, 4433
737, 0, 0, 10, 10, 1, 1.32%, 0, 0, 2, 3.24, 1850, 4433
742, 0, 0, 10, 10, 1, 1.32%, 0, 0, 2, 2.96, 1864, 4433
747, 0, 0, 10, 10, 1, 1.32%, 0, 0, 2, 3.04, 1879, 4433
754, 0, 0, 10, 10, 1, 1.32%, 0, 0, 2, 0.53, 1885, 4433
759, 0, 0, 10, 10, 1, 1.32%, 0, 0, 2, 0.61, 1889, 4433
764, 0, 0, 10, 10, 1, 1.32%, 0, 0, 2, 0.65, 1893, 4433
770, 0, 0, 10, 10, 1, 1.32%, 0, 0, 2, 0.67, 1897, 4433
776, 0, 0, 10, 10, 1, 1.32%, 0, 0, 2, 1.19, 1905, 4433
781, 0, 0, 11, 11, 1, 1.32%, 0, 0, 2, 0.69, 1922, 4437
786, 0, 0, 11, 11, 1, 1.32%, 0, 0, 2, 3.86, 1931, 4437
792, 0, 0, 11, 11, 1, 1.32%, 0, 0, 2, 3.06, 1940, 4437
797, 0, 0, 11, 11, 1, 1.32%, 0, 0, 2, 2.60, 1950, 4437
803, 0, 0, 11, 11, 1, 1.32%, 0, 0, 2, 2.46, 1961, 4437
809, 0, 0, 11, 11, 1, 1.32%, 0, 0, 2, 2.23, 1971, 4437
814, 0, 0, 11, 11, 1, 1.32%, 0, 0, 2, 1.89, 1975, 4437
820, 0, 0, 12, 12, 1, 1.32%, 0, 0, 2, 1.89, 1987, 4437
825, 0, 0, 12, 12, 1, 1.32%, 0, 0, 2, 1.90, 1994, 4437
831, 0, 0, 12, 12, 1, 1.32%, 0, 0, 2, 1.99, 2005, 4437
837, 0, 0, 13, 13, 1, 1.32%, 0, 0, 2, 1.92, 2017, 4438
843, 0, 0, 14, 14, 1, 1.32%, 0, 0, 2, 2.12, 2033, 4439
848, 0, 0, 14, 14, 1, 1.32%, 0, 0, 2, 2.38, 2045, 4439
853, 0, 0, 14, 14, 1, 1.32%, 0, 0, 2, 2.63, 2060, 4439
859, 0, 0, 14, 14, 1, 1.32%, 0, 0, 2, 2.72, 2074, 4439
864, 0, 0, 14, 14, 1, 1.32%, 0, 0, 2, 2.69, 2088, 4439
870, 0, 0, 14, 14, 1, 1.32%, 0, 0, 2, 2.53, 2099, 4439
876, 0, 0, 14, 14, 1, 1.32%, 0, 0, 2, 2.24, 2108, 4439
881, 0, 0, 14, 14, 1, 1.32%, 0, 0, 2, 2.43, 2121, 4439
886, 0, 0, 14, 14, 1, 1.32%, 0, 0, 2, 2.71, 2134, 4439
892, 0, 0, 14, 14, 1, 1.32%, 0, 0, 2, 2.96, 2149, 4439
897, 0, 0, 14, 14, 1, 1.32%, 0, 0, 2, 3.08, 2163, 4439
902, 0, 0, 14, 14, 1, 1.32%, 0, 0, 2, 3.31, 2180, 4439
907, 0, 0, 14, 14, 1, 1.32%, 0, 0, 2, 3.18, 2194, 4439
913, 0, 0, 14, 14, 1, 1.32%, 0, 0, 2, 2.96, 2207, 4439
918, 0, 0, 14, 14, 1, 1.32%, 0, 0, 2, 3.20, 2222, 4439
923, 0, 0, 14, 14, 1, 1.32%, 0, 0, 2, 2.74, 2232, 4439
929, 0, 0, 14, 14, 1, 1.32%, 0, 0, 2, 3.09, 2246, 4439
934, 0, 0, 14, 14, 1, 1.32%, 0, 0, 2, 2.67, 2258, 4439
940, 0, 0, 14, 14, 1, 1.32%, 0, 0, 2, 2.82, 2273, 4439
945, 0, 0, 14, 14, 1, 1.32%, 0, 0, 2, 2.60, 2284, 4439
951, 0, 0, 14, 14, 1, 1.32%, 0, 0, 2, 2.66, 2297, 4439
956, 0, 0, 14, 14, 1, 1.32%, 0, 0, 2, 3.07, 2311, 4439
961, 0, 0, 14, 14, 1, 1.32%, 0, 0, 2, 3.03, 2326, 4439
966, 0, 0, 14, 14, 1, 1.32%, 0, 0, 2, 2.65, 2333, 4439
972, 0, 0, 14, 14, 1, 1.32%, 0, 0, 2, 2.63, 2346, 4439
977, 0, 0, 14, 14, 1, 1.32%, 0, 0, 2, 2.89, 2360, 4439
982, 0, 0, 14, 14, 1, 1.32%, 0, 0, 2, 3.03, 2375, 4439
987, 0, 0, 14, 14, 1, 1.32%, 0, 0, 2, 3.20, 2391, 4439
992, 0, 0, 14, 14, 1, 1.32%, 0, 0, 2, 3.10, 2404, 4439
998, 0, 0, 14, 14, 1, 1.32%, 0, 0, 2, 2.88, 2417, 4439
1003, 0, 0, 14, 14, 1, 1.32%, 0, 0, 2, 2.95, 2431, 4439
1009, 0, 0, 14, 14, 1, 1.32%, 0, 0, 2, 2.77, 2445, 4439
1014, 0, 0, 14, 14, 1, 1.32%, 0, 0, 2, 2.80, 2456, 4439
1020, 0, 0, 14, 14, 1, 1.32%, 0, 0, 2, 2.88, 2472, 4439
1025, 0, 0, 14, 14, 1, 1.32%, 0, 0, 2, 2.50, 2480, 4439
1031, 0, 0, 14, 14, 1, 1.32%, 0, 0, 2, 2.88, 2497, 4439
1036, 0, 0, 14, 14, 1, 1.32%, 0, 0, 2, 2.79, 2509, 4439
1041, 0, 0, 14, 14, 1, 1.32%, 0, 0, 2, 2.96, 2525, 4439
1047, 0, 0, 14, 14, 1, 1.32%, 0, 0, 2, 2.83, 2539, 4439
1052, 0, 0, 14, 14, 1, 1.32%, 0, 0, 2, 3.09, 2555, 4439
1058, 0, 0, 14, 14, 1, 1.32%, 0, 0, 2, 2.96, 2568, 4439
1063, 0, 0, 14, 14, 1, 1.32%, 0, 0, 2, 3.18, 2580, 4439
1068, 0, 0, 14, 14, 1, 1.32%, 0, 0, 2, 2.79, 2590, 4439
1073, 0, 0, 14, 14, 1, 1.32%, 0, 0, 2, 3.10, 2606, 4439
1078, 0, 0, 14, 14, 1, 1.32%, 0, 0, 2, 3.27, 2620, 4439
1083, 0, 0, 14, 14, 1, 1.32%, 0, 0, 2, 3.06, 2632, 4439
1089, 0, 0, 14, 14, 1, 1.32%, 0, 0, 2, 3.58, 2650, 4439
1094, 0, 0, 14, 14, 1, 1.32%, 0, 0, 2, 3.13, 2661, 4439
1099, 0, 0, 14, 14, 1, 1.32%, 0, 0, 2, 2.79, 2673, 4439
1105, 0, 0, 14, 14, 1, 1.32%, 0, 0, 2, 3.03, 2688, 4439
1110, 0, 0, 14, 14, 1, 1.32%, 0, 0, 2, 2.90, 2702, 4439
1115, 0, 0, 14, 14, 1, 1.32%, 0, 0, 2, 2.84, 2715, 4439
1121, 0, 0, 14, 14, 1, 1.32%, 0, 0, 2, 2.78, 2727, 4439
1126, 0, 0, 14, 14, 1, 1.32%, 0, 0, 2, 3.02, 2743, 4439
1132, 0, 0, 14, 14, 1, 1.32%, 0, 0, 2, 2.71, 2755, 4439
1137, 0, 0, 14, 14, 1, 1.32%, 0, 0, 2, 2.51, 2766, 4439
1142, 0, 0, 14, 14, 1, 1.32%, 0, 0, 2, 2.56, 2778, 4439
1147, 0, 0, 14, 14, 1, 1.32%, 0, 0, 2, 2.88, 2791, 4439
1152, 0, 0, 14, 14, 1, 1.32%, 0, 0, 2, 2.48, 2800, 4439
1157, 0, 0, 14, 14, 1, 1.32%, 0, 0, 2, 0.56, 2807, 4439
1163, 0, 0, 14, 14, 1, 1.32%, 0, 0, 2, 3.66, 2821, 4439
1168, 0, 0, 15, 15, 1, 1.33%, 0, 0, 2, 1.76, 2839, 4462
1173, 0, 0, 15, 15, 1, 1.33%, 0, 0, 2, 2.21, 2853, 4462
1179, 0, 0, 15, 15, 1, 1.33%, 0, 0, 2, 2.38, 2868, 4462
1185, 0, 0, 15, 15, 1, 1.33%, 0, 0, 2, 2.66, 2882, 4462
1191, 0, 0, 15, 15, 1, 1.33%, 0, 0, 2, 2.65, 2897, 4462
1196, 0, 0, 15, 15, 1, 1.33%, 0, 0, 2, 2.89, 2911, 4462
1202, 0, 0, 15, 15, 1, 1.33%, 0, 0, 2, 2.68, 2923, 4462
1207, 0, 0, 15, 15, 1, 1.33%, 0, 0, 2, 2.83, 2937, 4462
1212, 0, 0, 15, 15, 1, 1.33%, 0, 0, 2, 2.70, 2950, 4462
1218, 0, 0, 15, 15, 1, 1.33%, 0, 0, 2, 2.62, 2963, 4462
1223, 0, 0, 15, 15, 1, 1.33%, 0, 0, 2, 2.87, 2978, 4462
1228, 0, 0, 15, 15, 1, 1.33%, 0, 0, 2, 2.79, 2990, 4462
1233, 0, 0, 15, 15, 1, 1.33%, 0, 0, 2, 3.04, 3005, 4462
1238, 0, 0, 15, 15, 1, 1.33%, 0, 0, 2, 2.66, 3014, 4462
1244, 0, 0, 15, 15, 1, 1.33%, 0, 0, 2, 2.89, 3030, 4462
1249, 0, 0, 15, 15, 1, 1.33%, 0, 0, 2, 2.94, 3045, 4462
1254, 0, 0, 15, 15, 1, 1.33%, 0, 0, 2, 3.08, 3061, 4462
1259, 0, 0, 15, 15, 1, 1.33%, 0, 0, 2, 3.03, 3075, 4462
1265, 0, 0, 15, 15, 1, 1.33%, 0, 0, 2, 2.74, 3087, 4462
1270, 0, 0, 15, 15, 1, 1.33%, 0, 0, 2, 3.04, 3102, 4462
1275, 0, 0, 15, 15, 1, 1.33%, 0, 0, 2, 2.92, 3114, 4462
1280, 0, 0, 15, 15, 1, 1.33%, 0, 0, 2, 2.98, 3128, 4462
1285, 0, 0, 15, 15, 1, 1.33%, 0, 0, 2, 2.89, 3138, 4462
1291, 0, 0, 15, 15, 1, 1.33%, 0, 0, 2, 2.56, 3148, 4462
1297, 0, 0, 15, 15, 1, 1.33%, 0, 0, 2, 2.85, 3163, 4462
1302, 0, 0, 15, 15, 1, 1.33%, 0, 0, 2, 2.82, 3175, 4462
1307, 0, 0, 15, 15, 1, 1.33%, 0, 0, 2, 2.86, 3189, 4462
1313, 0, 0, 15, 15, 1, 1.33%, 0, 0, 2, 2.68, 3201, 4462
1318, 0, 0, 15, 15, 1, 1.33%, 0, 0, 2, 2.49, 3212, 4462
1324, 0, 0, 15, 15, 1, 1.33%, 0, 0, 2, 2.70, 3226, 4462
1329, 0, 0, 15, 15, 1, 1.33%, 0, 0, 2, 3.07, 3240, 4462
1334, 0, 0, 15, 15, 1, 1.33%, 0, 0, 2, 2.78, 3250, 4462
1340, 0, 0, 15, 15, 1, 1.33%, 0, 0, 2, 2.96, 3266, 4462
1345, 0, 0, 15, 15, 1, 1.33%, 0, 0, 2, 2.86, 3280, 4462
1350, 0, 0, 15, 15, 1, 1.33%, 0, 0, 2, 3.54, 3296, 4462
1355, 0, 0, 15, 15, 1, 1.33%, 0, 0, 2, 3.45, 3309, 4462
1361, 0, 0, 15, 15, 1, 1.33%, 0, 0, 2, 3.21, 3324, 4462
1366, 0, 0, 15, 15, 1, 1.33%, 0, 0, 2, 3.12, 3338, 4462
1372, 0, 0, 15, 15, 1, 1.33%, 0, 0, 2, 3.26, 3351, 4462
1378, 0, 0, 15, 15, 1, 1.33%, 0, 0, 2, 3.48, 3370, 4462
1383, 0, 0, 15, 15, 1, 1.33%, 0, 0, 2, 3.03, 3381, 4462
1388, 0, 0, 15, 15, 1, 1.33%, 0, 0, 2, 3.08, 3397, 4462
1394, 0, 0, 15, 15, 1, 1.33%, 0, 0, 2, 2.86, 3410, 4462
1399, 0, 0, 15, 15, 1, 1.33%, 0, 0, 2, 3.26, 3427, 4462
1405, 0, 0, 15, 15, 1, 1.33%, 0, 0, 2, 2.97, 3441, 4462
1410, 0, 0, 15, 15, 1, 1.33%, 0, 0, 2, 2.82, 3454, 4462
1416, 0, 0, 15, 15, 1, 1.33%, 0, 0, 2, 3.06, 3470, 4462
1421, 0, 0, 15, 15, 1, 1.33%, 0, 0, 2, 2.68, 3479, 4462
1427, 0, 0, 15, 15, 1, 1.33%, 0, 0, 2, 2.61, 3493, 4462
1432, 0, 0, 15, 15, 1, 1.33%, 0, 0, 2, 2.54, 3505, 4462
1437, 0, 0, 15, 15, 1, 1.33%, 0, 0, 2, 3.22, 3521, 4462
1442, 0, 0, 15, 15, 1, 1.33%, 0, 0, 2, 2.82, 3533, 4462
1447, 0, 0, 15, 15, 1, 1.33%, 0, 0, 2, 3.25, 3548, 4462
1453, 0, 0, 15, 15, 1, 1.33%, 0, 0, 2, 3.23, 3564, 4462
1458, 0, 0, 15, 15, 1, 1.33%, 0, 0, 2, 2.71, 3571, 4462
1464, 0, 0, 15, 15, 1, 1.33%, 0, 0, 2, 2.91, 3587, 4462
1469, 0, 0, 15, 15, 1, 1.33%, 0, 0, 2, 3.07, 3600, 4462
1474, 0, 0, 15, 15, 1, 1.33%, 0, 0, 2, 2.58, 3605, 4462
1480, 0, 0, 15, 15, 1, 1.33%, 0, 0, 2, 2.36, 3616, 4462
1485, 0, 0, 15, 15, 1, 1.33%, 0, 0, 2, 3.10, 3632, 4462
1490, 0, 0, 15, 15, 1, 1.33%, 0, 0, 2, 2.88, 3645, 4462
1496, 0, 0, 15, 15, 1, 1.33%, 0, 0, 2, 3.05, 3660, 4462
1501, 0, 0, 15, 15, 1, 1.33%, 0, 0, 2, 2.75, 3672, 4462
1506, 0, 0, 15, 15, 1, 1.33%, 0, 0, 2, 2.83, 3686, 4462
1511, 0, 0, 15, 15, 1, 1.33%, 0, 0, 2, 3.09, 3702, 4462
1517, 0, 0, 15, 15, 1, 1.33%, 0, 0, 2, 2.88, 3713, 4462
1522, 0, 0, 15, 15, 1, 1.33%, 0, 0, 2, 3.05, 3730, 4462
1528, 0, 0, 15, 15, 1, 1.33%, 0, 0, 2, 2.82, 3743, 4462
1533, 0, 0, 15, 15, 1, 1.33%, 0, 0, 2, 2.84, 3756, 4462
1538, 0, 0, 15, 15, 1, 1.33%, 0, 0, 2, 2.71, 3769, 4462
1543, 0, 0, 15, 15, 1, 1.33%, 0, 0, 2, 2.53, 3781, 4462
1548, 0, 0, 15, 15, 1, 1.33%, 0, 0, 2, 3.18, 3797, 4462
1554, 0, 0, 15, 15, 1, 1.33%, 0, 0, 2, 3.22, 3812, 4462
1559, 0, 0, 15, 15, 1, 1.33%, 0, 0, 2, 3.13, 3827, 4462
1564, 0, 0, 15, 15, 1, 1.33%, 0, 0, 2, 3.09, 3842, 4462
1569, 0, 0, 15, 15, 1, 1.33%, 0, 0, 2, 2.82, 3853, 4462
1574, 0, 0, 15, 15, 1, 1.33%, 0, 0, 2, 2.59, 3863, 4462
1579, 0, 0, 15, 15, 1, 1.33%, 0, 0, 2, 3.08, 3878, 4462
1584, 0, 0, 15, 15, 1, 1.33%, 0, 0, 2, 3.14, 3892, 4462
1590, 0, 0, 15, 15, 1, 1.33%, 0, 0, 2, 2.79, 3901, 4462
1595, 0, 0, 15, 15, 1, 1.33%, 0, 0, 2, 2.92, 3913, 4462
1601, 0, 0, 15, 15, 1, 1.33%, 0, 0, 2, 2.76, 3924, 4462
1606, 0, 0, 15, 15, 1, 1.33%, 0, 0, 2, 2.66, 3935, 4462
1611, 0, 0, 15, 15, 1, 1.33%, 0, 0, 2, 3.08, 3951, 4462
1617, 0, 0, 15, 15, 1, 1.33%, 0, 0, 2, 2.80, 3963, 4462
1622, 0, 0, 15, 15, 1, 1.33%, 0, 0, 2, 2.95, 3978, 4462
1627, 0, 0, 15, 15, 1, 1.33%, 0, 0, 2, 2.78, 3992, 4462
1632, 0, 0, 15, 15, 1, 1.33%, 0, 0, 2, 2.74, 4005, 4462
1638, 0, 0, 15, 15, 1, 1.33%, 0, 0, 2, 2.68, 4019, 4462
1643, 0, 0, 15, 15, 1, 1.33%, 0, 0, 2, 2.63, 4031, 4462
1648, 0, 0, 15, 15, 1, 1.33%, 0, 0, 2, 2.75, 4046, 4462
1653, 0, 0, 15, 15, 1, 1.33%, 0, 0, 2, 2.62, 4059, 4462
1659, 0, 0, 15, 15, 1, 1.33%, 0, 0, 2, 2.69, 4073, 4462
1664, 0, 0, 15, 15, 1, 1.33%, 0, 0, 2, 2.77, 4087, 4462
1669, 0, 0, 15, 15, 1, 1.33%, 0, 0, 2, 2.60, 4098, 4462
1675, 0, 0, 15, 15, 1, 1.33%, 0, 0, 2, 2.67, 4114, 4462
1680, 0, 0, 15, 15, 1, 1.33%, 0, 0, 2, 2.66, 4127, 4462
1685, 0, 0, 15, 15, 1, 1.33%, 0, 0, 2, 2.65, 4141, 4462
1690, 0, 0, 15, 15, 1, 1.33%, 0, 0, 2, 2.80, 4155, 4462
1696, 0, 0, 15, 15, 1, 1.33%, 0, 0, 2, 2.68, 4168, 4462
1701, 0, 0, 15, 15, 1, 1.33%, 0, 0, 2, 3.13, 4182, 4462
1706, 0, 0, 15, 15, 1, 1.33%, 0, 0, 2, 3.22, 4196, 4462
1712, 0, 0, 15, 15, 1, 1.33%, 0, 0, 2, 3.20, 4210, 4462
1717, 0, 0, 15, 15, 1, 1.33%, 0, 0, 2, 2.91, 4223, 4462
1723, 0, 0, 15, 15, 1, 1.33%, 0, 0, 2, 3.03, 4238, 4462
1728, 0, 0, 15, 15, 1, 1.33%, 0, 0, 2, 2.80, 4249, 4462
1733, 0, 0, 15, 15, 1, 1.33%, 0, 0, 2, 3.03, 4264, 4462
1738, 0, 0, 15, 15, 1, 1.33%, 0, 0, 2, 2.92, 4277, 4462
1744, 0, 0, 15, 15, 1, 1.33%, 0, 0, 2, 2.60, 4288, 4462
1749, 0, 0, 15, 15, 1, 1.33%, 0, 0, 2, 2.78, 4303, 4462
1754, 0, 0, 15, 15, 1, 1.33%, 0, 0, 2, 2.60, 4316, 4462
1759, 0, 0, 15, 15, 1, 1.33%, 0, 0, 2, 2.45, 4326, 4462
1765, 0, 0, 15, 15, 1, 1.33%, 0, 0, 2, 2.41, 4337, 4462
1770, 0, 0, 15, 15, 1, 1.33%, 0, 0, 2, 2.33, 4348, 4462
1776, 0, 0, 15, 15, 1, 1.33%, 0, 0, 2, 2.08, 4357, 4462
1781, 0, 0, 15, 15, 1, 1.33%, 0, 0, 2, 1.87, 4363, 4462
1786, 0, 0, 15, 15, 1, 1.33%, 0, 0, 2, 2.40, 4377, 4462
1791, 0, 0, 15, 15, 1, 1.33%, 0, 0, 2, 2.89, 4392, 4462
1797, 0, 0, 15, 15, 1, 1.33%, 0, 0, 2, 2.67, 4404, 4462
1802, 0, 0, 15, 15, 1, 1.33%, 0, 0, 2, 2.81, 4418, 4462
1808, 0, 0, 15, 15, 1, 1.33%, 0, 0, 2, 2.56, 4428, 4462
1814, 0, 0, 15, 15, 1, 1.33%, 0, 0, 2, 2.14, 4432, 4462
1819, 0, 0, 15, 15, 1, 1.33%, 0, 0, 2, 1.82, 4436, 4462
1825, 0, 0, 15, 15, 1, 1.33%, 0, 0, 2, 1.90, 4445, 4462
1830, 0, 0, 15, 15, 1, 1.33%, 0, 0, 2, 1.81, 4453, 4462
1836, 0, 0, 15, 15, 1, 1.33%, 0, 0, 2, 1.56, 4457, 4462
1841, 0, 0, 15, 15, 1, 1.33%, 0, 0, 2, 1.50, 4463, 4462
1847, 0, 0, 15, 15, 1, 1.33%, 0, 0, 2, 1.69, 4472, 4462
1852, 0, 0, 15, 15, 1, 1.33%, 0, 0, 2, 1.95, 4483, 4462
1858, 0, 0, 15, 15, 1, 1.33%, 0, 0, 2, 2.09, 4495, 4462
1863, 0, 0, 15, 15, 1, 1.33%, 0, 0, 2, 3.02, 4511, 4462
1868, 0, 0, 15, 15, 1, 1.33%, 0, 0, 2, 3.06, 4525, 4462
1873, 0, 0, 15, 15, 1, 1.33%, 0, 0, 2, 3.33, 4540, 4462
1879, 0, 0, 15, 15, 1, 1.33%, 0, 0, 2, 3.16, 4555, 4462
1885, 0, 0, 15, 15, 1, 1.33%, 0, 0, 2, 2.62, 4563, 4462
1890, 0, 0, 15, 15, 1, 1.33%, 0, 0, 2, 2.64, 4574, 4462
1895, 0, 0, 15, 15, 1, 1.33%, 0, 0, 2, 2.21, 4581, 4462
1901, 0, 0, 15, 15, 1, 1.33%, 0, 0, 2, 2.51, 4594, 4462
1906, 0, 0, 15, 15, 1, 1.33%, 0, 0, 2, 2.85, 4607, 4462
1911, 0, 0, 15, 15, 1, 1.33%, 0, 0, 2, 3.20, 4622, 4462
1916, 0, 0, 15, 15, 1, 1.33%, 0, 0, 2, 2.95, 4635, 4462
1922, 0, 0, 15, 15, 1, 1.33%, 0, 0, 2, 2.75, 4650, 4462
1927, 0, 0, 15, 15, 1, 1.33%, 0, 0, 2, 2.77, 4663, 4462
1933, 0, 0, 15, 15, 1, 1.33%, 0, 0, 2, 3.07, 4678, 4462
1938, 0, 0, 15, 15, 1, 1.33%, 0, 0, 2, 3.06, 4692, 4462
1944, 0, 0, 15, 15, 1, 1.33%, 0, 0, 2, 2.77, 4703, 4462
1949, 0, 0, 15, 15, 1, 1.33%, 0, 0, 2, 2.77, 4717, 4462
1954, 0, 0, 15, 15, 1, 1.33%, 0, 0, 2, 2.90, 4733, 4462
1959, 0, 0, 15, 15, 1, 1.33%, 0, 0, 2, 2.84, 4745, 4462
1965, 0, 0, 15, 15, 1, 1.33%, 0, 0, 2, 2.96, 4759, 4462
1970, 0, 0, 15, 15, 1, 1.33%, 0, 0, 2, 2.76, 4770, 4462
1975, 0, 0, 15, 15, 1, 1.33%, 0, 0, 2, 2.77, 4783, 4462
1980, 0, 0, 15, 15, 1, 1.33%, 0, 0, 2, 2.78, 4798, 4462
1985, 0, 0, 15, 15, 1, 1.33%, 0, 0, 2, 2.58, 4809, 4462
1990, 0, 0, 15, 15, 1, 1.33%, 0, 0, 2, 2.75, 4823, 4462
1995, 0, 0, 15, 15, 1, 1.33%, 0, 0, 2, 2.73, 4836, 4462
2001, 0, 0, 15, 15, 1, 1.33%, 0, 0, 2, 2.61, 4848, 4462
2006, 0, 0, 15, 15, 1, 1.33%, 0, 0, 2, 2.77, 4862, 4462
2012, 0, 0, 15, 15, 1, 1.33%, 0, 0, 2, 2.51, 4874, 4462
2017, 0, 0, 15, 15, 1, 1.33%, 0, 0, 2, 2.76, 4887, 4462
2022, 0, 0, 15, 15, 1, 1.33%, 0, 0, 2, 2.71, 4900, 4462
2028, 0, 0, 15, 15, 1, 1.33%, 0, 0, 2, 2.66, 4913, 4462
2033, 0, 0, 15, 15, 1, 1.33%, 0, 0, 2, 2.79, 4927, 4462
2038, 0, 0, 15, 15, 1, 1.33%, 0, 0, 2, 2.90, 4940, 4462
2044, 0, 0, 15, 15, 1, 1.33%, 0, 0, 2, 2.92, 4953, 4462
2049, 0, 0, 15, 15, 1, 1.33%, 0, 0, 2, 2.97, 4968, 4462
2054, 0, 0, 15, 15, 1, 1.33%, 0, 0, 2, 2.86, 4980, 4462
2059, 0, 0, 15, 15, 1, 1.33%, 0, 0, 2, 3.09, 4993, 4462
2065, 0, 0, 15, 15, 1, 1.33%, 0, 0, 2, 3.35, 5007, 4462
2070, 0, 0, 15, 15, 1, 1.33%, 0, 0, 2, 2.98, 5020, 4462
2075, 0, 0, 15, 15, 1, 1.33%, 0, 0, 2, 2.93, 5034, 4462
2080, 0, 0, 15, 15, 1, 1.33%, 0, 0, 2, 2.68, 5045, 4462
2086, 0, 0, 15, 15, 1, 1.33%, 0, 0, 2, 2.53, 5057, 4462
2091, 0, 0, 15, 15, 1, 1.33%, 0, 0, 2, 2.56, 5070, 4462
2096, 0, 0, 15, 15, 1, 1.33%, 0, 0, 2, 2.46, 5080, 4462
2101, 0, 0, 15, 15, 1, 1.33%, 0, 0, 2, 2.66, 5094, 4462
2107, 0, 0, 15, 15, 1, 1.33%, 0, 0, 2, 2.76, 5108, 4462
2112, 0, 0, 15, 15, 1, 1.33%, 0, 0, 2, 2.90, 5123, 4462
2117, 0, 0, 15, 15, 1, 1.33%, 0, 0, 2, 3.02, 5138, 4462
2122, 0, 0, 15, 15, 1, 1.33%, 0, 0, 2, 2.86, 5151, 4462
2127, 0, 0, 15, 15, 1, 1.33%, 0, 0, 2, 2.95, 5165, 4462
2133, 0, 0, 15, 15, 1, 1.33%, 0, 0, 2, 2.80, 5178, 4462
2138, 0, 0, 15, 15, 1, 1.33%, 0, 0, 2, 2.83, 5190, 4462
2143, 0, 0, 15, 15, 1, 1.33%, 0, 0, 2, 2.95, 5203, 4462
2148, 0, 0, 15, 15, 1, 1.33%, 0, 0, 2, 2.84, 5217, 4462
2154, 0, 0, 15, 15, 1, 1.33%, 0, 0, 2, 2.98, 5231, 4462
2159, 0, 0, 15, 15, 1, 1.33%, 0, 0, 2, 2.80, 5242, 4462
2164, 0, 0, 15, 15, 1, 1.33%, 0, 0, 2, 3.14, 5256, 4462
2169, 0, 0, 15, 15, 1, 1.33%, 0, 0, 2, 3.10, 5269, 4462
2174, 0, 0, 17, 17, 1, 1.33%, 0, 0, 2, 4.05, 5295, 4471
2180, 0, 0, 17, 17, 1, 1.33%, 0, 0, 2, 3.43, 5310, 4471
2185, 0, 0, 18, 18, 1, 1.33%, 0, 0, 2, 1.40, 5330, 4471
2190, 0, 0, 18, 18, 1, 1.33%, 0, 0, 2, 2.30, 5343, 4471
2195, 0, 0, 18, 18, 1, 1.33%, 0, 0, 2, 2.63, 5356, 4471
2200, 0, 0, 18, 18, 1, 1.33%, 0, 0, 2, 2.64, 5367, 4471
2206, 0, 0, 18, 18, 1, 1.33%, 0, 0, 2, 2.93, 5382, 4471
2211, 0, 0, 18, 18, 1, 1.33%, 0, 0, 2, 2.77, 5395, 4471
2216, 0, 0, 18, 18, 1, 1.33%, 0, 0, 2, 2.80, 5407, 4471
2222, 0, 0, 18, 18, 1, 1.33%, 0, 0, 2, 3.09, 5422, 4471
2228, 0, 0, 18, 18, 1, 1.33%, 0, 0, 2, 2.94, 5436, 4471
2233, 0, 0, 18, 18, 1, 1.33%, 0, 0, 2, 2.98, 5452, 4471
2239, 0, 0, 18, 18, 1, 1.33%, 0, 0, 2, 2.76, 5465, 4471
2245, 0, 0, 18, 18, 1, 1.33%, 0, 0, 2, 2.73, 5480, 4471
2250, 0, 0, 18, 18, 1, 1.33%, 0, 0, 2, 2.52, 5491, 4471
2255, 0, 0, 18, 18, 1, 1.33%, 0, 0, 2, 2.79, 5507, 4471
2260, 0, 0, 18, 18, 1, 1.33%, 0, 0, 2, 2.56, 5518, 4471
2266, 0, 0, 18, 18, 1, 1.33%, 0, 0, 2, 2.54, 5532, 4471
2271, 0, 0, 18, 18, 1, 1.33%, 0, 0, 2, 2.89, 5546, 4471
2277, 0, 0, 18, 18, 1, 1.33%, 0, 0, 2, 2.63, 5557, 4471
2282, 0, 0, 18, 18, 1, 1.33%, 0, 0, 2, 3.20, 5572, 4471
2287, 0, 0, 18, 18, 1, 1.33%, 0, 0, 2, 2.89, 5582, 4471
2292, 0, 0, 18, 18, 1, 1.33%, 0, 0, 2, 2.88, 5594, 4471
2297, 0, 0, 18, 18, 1, 1.33%, 0, 0, 2, 2.83, 5608, 4471
2302, 0, 0, 18, 18, 1, 1.33%, 0, 0, 2, 2.51, 5619, 4471
2308, 0, 0, 18, 18, 1, 1.33%, 0, 0, 2, 2.51, 5630, 4471
2314, 0, 0, 18, 18, 1, 1.33%, 0, 0, 2, 2.69, 5646, 4471
2320, 0, 0, 18, 18, 1, 1.33%, 0, 0, 2, 2.44, 5658, 4471
2325, 0, 0, 18, 18, 1, 1.33%, 0, 0, 2, 2.74, 5672, 4471
2330, 0, 0, 18, 18, 1, 1.33%, 0, 0, 2, 2.72, 5686, 4471
2336, 0, 0, 18, 18, 1, 1.33%, 0, 0, 2, 2.30, 5692, 4471
2341, 0, 0, 19, 19, 1, 1.34%, 0, 0, 2, 2.00, 5714, 4488
2347, 0, 0, 19, 19, 1, 1.34%, 0, 0, 2, 2.38, 5728, 4488
2352, 0, 0, 19, 19, 1, 1.34%, 0, 0, 2, 2.21, 5738, 4488
2357, 0, 0, 20, 20, 1, 1.34%, 0, 0, 2, 1.99, 5759, 4488
2363, 0, 0, 20, 20, 1, 1.34%, 0, 0, 2, 1.95, 5769, 4488
2369, 0, 0, 20, 20, 1, 1.34%, 0, 0, 2, 2.38, 5784, 4488
2374, 0, 0, 20, 20, 1, 1.34%, 0, 0, 2, 2.37, 5796, 4488
2379, 0, 0, 20, 20, 1, 1.34%, 0, 0, 2, 2.35, 5805, 4488
2384, 0, 0, 20, 20, 1, 1.34%, 0, 0, 2, 2.62, 5819, 4488
2389, 0, 0, 20, 20, 1, 1.34%, 0, 0, 2, 2.54, 5831, 4488
2395, 0, 0, 20, 20, 1, 1.34%, 0, 0, 2, 2.31, 5842, 4488
2401, 0, 0, 20, 20, 1, 1.34%, 0, 0, 2, 2.66, 5859, 4488
2406, 0, 0, 20, 20, 1, 1.34%, 0, 0, 2, 2.67, 5868, 4488
2411, 0, 0, 20, 20, 1, 1.34%, 0, 0, 2, 2.44, 5878, 4488
2416, 0, 0, 20, 20, 1, 1.34%, 0, 0, 2, 2.23, 5887, 4488
2421, 0, 0, 20, 20, 1, 1.34%, 0, 0, 2, 2.60, 5900, 4488
2427, 0, 0, 20, 20, 1, 1.34%, 0, 0, 2, 2.93, 5914, 4488
2432, 0, 0, 20, 20, 1, 1.34%, 0, 0, 2, 2.95, 5927, 4488
2437, 0, 0, 20, 20, 1, 1.34%, 0, 0, 2, 2.60, 5938, 4488
2442, 0, 0, 20, 20, 1, 1.34%, 0, 0, 2, 2.67, 5951, 4488
2448, 0, 0, 20, 20, 1, 1.34%, 0, 0, 2, 2.74, 5966, 4488
2453, 0, 0, 20, 20, 1, 1.34%, 0, 0, 2, 2.49, 5975, 4488
2458, 0, 0, 20, 20, 1, 1.34%, 0, 0, 2, 2.37, 5985, 4488
2464, 0, 0, 20, 20, 1, 1.34%, 0, 0, 2, 2.45, 5996, 4488
2469, 0, 0, 20, 20, 1, 1.34%, 0, 0, 2, 2.22, 6005, 4488
2475, 0, 0, 20, 20, 1, 1.34%, 0, 0, 2, 2.17, 6016, 4488
2481, 0, 0, 20, 20, 1, 1.34%, 0, 0, 2, 2.12, 6028, 4488
2486, 0, 0, 20, 20, 1, 1.34%, 0, 0, 2, 2.14, 6039, 4488
2492, 0, 0, 20, 20, 1, 1.34%, 0, 0, 2, 2.26, 6051, 4488
2497, 0, 0, 20, 20, 1, 1.34%, 0, 0, 2, 2.27, 6062, 4488
2502, 0, 0, 20, 20, 1, 1.34%, 0, 0, 2, 2.69, 6075, 4488
2508, 0, 0, 21, 21, 1, 1.34%, 0, 0, 2, 2.76, 6090, 4489
2513, 0, 0, 23, 23, 1, 1.34%, 0, 0, 2, 1.99, 6115, 4501
2519, 0, 0, 23, 23, 1, 1.34%, 0, 0, 2, 1.89, 6123, 4501
2525, 0, 0, 24, 24, 1, 1.34%, 0, 0, 2, 1.90, 6136, 4502
2530, 0, 0, 25, 25, 1, 1.34%, 0, 0, 2, 0.99, 6153, 4502
2536, 0, 0, 25, 25, 1, 1.34%, 0, 0, 2, 1.58, 6164, 4502
2541, 0, 0, 25, 25, 1, 1.34%, 0, 0, 2, 2.44, 6179, 4502
2546, 0, 0, 25, 25, 1, 1.34%, 0, 0, 2, 2.41, 6190, 4502
2553, 0, 0, 26, 26, 1, 1.34%, 0, 0, 2, 2.30, 6204, 4517
2558, 0, 0, 26, 26, 1, 1.34%, 0, 0, 2, 2.38, 6216, 4517
2563, 0, 0, 26, 26, 1, 1.34%, 0, 0, 2, 2.64, 6231, 4517
2569, 0, 0, 26, 26, 1, 1.34%, 0, 0, 2, 2.36, 6240, 4517
2575, 0, 0, 26, 26, 1, 1.34%, 0, 0, 2, 2.74, 6255, 4517
2581, 0, 0, 26, 26, 1, 1.34%, 0, 0, 2, 2.83, 6269, 4517
2587, 0, 0, 26, 26, 1, 1.34%, 0, 0, 2, 2.90, 6281, 4517
2592, 0, 0, 26, 26, 1, 1.34%, 0, 0, 2, 2.96, 6296, 4517
2597, 0, 0, 26, 26, 1, 1.34%, 0, 0, 2, 2.72, 6306, 4517
2602, 0, 0, 26, 26, 1, 1.34%, 0, 0, 2, 3.07, 6319, 4517
2607, 0, 0, 26, 26, 1, 1.34%, 0, 0, 2, 2.89, 6331, 4517
2612, 0, 0, 26, 26, 1, 1.34%, 0, 0, 2, 2.68, 6342, 4517
2618, 0, 0, 26, 26, 1, 1.34%, 0, 0, 2, 2.71, 6354, 4517
2623, 0, 0, 26, 26, 1, 1.34%, 0, 0, 2, 2.78, 6367, 4517
2628, 0, 0, 26, 26, 1, 1.34%, 0, 0, 2, 2.66, 6380, 4517
2634, 0, 0, 26, 26, 1, 1.34%, 0, 0, 2, 2.85, 6392, 4517
2639, 0, 0, 26, 26, 1, 1.34%, 0, 0, 2, 2.57, 6404, 4517
2645, 0, 0, 26, 26, 1, 1.34%, 0, 0, 2, 2.63, 6417, 4517
2650, 0, 0, 26, 26, 1, 1.34%, 0, 0, 2, 2.46, 6427, 4517
2656, 0, 0, 27, 27, 1, 1.34%, 0, 0, 2, 2.96, 6447, 4518
2661, 0, 0, 27, 27, 1, 1.34%, 0, 0, 2, 2.91, 6460, 4518
2666, 0, 0, 27, 27, 1, 1.34%, 0, 0, 2, 2.61, 6469, 4518
2671, 0, 0, 27, 27, 1, 1.34%, 0, 0, 2, 2.60, 6480, 4518
2676, 0, 0, 27, 27, 1, 1.34%, 0, 0, 2, 2.45, 6492, 4518
2682, 0, 0, 27, 27, 1, 1.34%, 0, 0, 2, 2.80, 6505, 4518
2687, 0, 0, 27, 27, 1, 1.34%, 0, 0, 2, 2.73, 6517, 4518
2692, 0, 0, 27, 27, 1, 1.34%, 0, 0, 2, 2.56, 6527, 4518
2697, 0, 0, 27, 27, 1, 1.34%, 0, 0, 2, 2.30, 6535, 4518
2703, 0, 0, 27, 27, 1, 1.34%, 0, 0, 2, 2.47, 6547, 4518
2708, 0, 0, 27, 27, 1, 1.34%, 0, 0, 2, 2.65, 6560, 4518
2713, 0, 0, 27, 27, 1, 1.34%, 0, 0, 2, 2.28, 6567, 4518
2718, 0, 0, 27, 27, 1, 1.34%, 0, 0, 2, 2.22, 6577, 4518
2723, 0, 0, 27, 27, 1, 1.34%, 0, 0, 2, 2.40, 6589, 4518
2729, 0, 0, 27, 27, 1, 1.34%, 0, 0, 2, 2.28, 6599, 4518
2735, 0, 0, 27, 27, 1, 1.34%, 0, 0, 2, 2.24, 6610, 4518
2741, 0, 0, 27, 27, 1, 1.34%, 0, 0, 2, 2.51, 6622, 4518
2746, 0, 0, 27, 27, 1, 1.34%, 0, 0, 2, 2.78, 6636, 4518
2751, 0, 0, 27, 27, 1, 1.34%, 0, 0, 2, 2.77, 6649, 4518
2757, 0, 0, 27, 27, 1, 1.34%, 0, 0, 2, 2.51, 6659, 4518
2762, 0, 0, 27, 27, 1, 1.34%, 0, 0, 2, 2.56, 6672, 4518
2768, 0, 0, 27, 27, 1, 1.34%, 0, 0, 2, 3.07, 6686, 4518
2773, 0, 0, 27, 27, 1, 1.34%, 0, 0, 2, 2.97, 6699, 4518
2778, 0, 0, 27, 27, 1, 1.34%, 0, 0, 2, 2.91, 6711, 4518
2783, 0, 0, 27, 27, 1, 1.34%, 0, 0, 2, 2.67, 6722, 4518
2789, 0, 0, 27, 27, 1, 1.34%, 0, 0, 2, 2.72, 6734, 4518
2794, 0, 0, 27, 27, 1, 1.34%, 0, 0, 2, 2.70, 6745, 4518
2800, 0, 0, 27, 27, 1, 1.34%, 0, 0, 2, 2.69, 6758, 4518
2805, 0, 0, 27, 27, 1, 1.34%, 0, 0, 2, 2.41, 6767, 4518
2811, 0, 0, 27, 27, 1, 1.34%, 0, 0, 2, 2.62, 6780, 4518
2816, 0, 0, 27, 27, 1, 1.34%, 0, 0, 2, 2.59, 6793, 4518
2821, 0, 0, 27, 27, 1, 1.34%, 0, 0, 2, 2.66, 6804, 4518
2826, 0, 0, 27, 27, 1, 1.34%, 0, 0, 2, 2.78, 6814, 4518
2832, 0, 0, 27, 27, 1, 1.34%, 0, 0, 2, 2.69, 6826, 4518
2837, 0, 0, 27, 27, 1, 1.34%, 0, 0, 2, 2.69, 6838, 4518
2843, 0, 0, 27, 27, 1, 1.34%, 0, 0, 2, 2.65, 6851, 4518
2848, 0, 0, 27, 27, 1, 1.34%, 0, 0, 2, 2.49, 6862, 4518
2854, 0, 0, 27, 27, 1, 1.34%, 0, 0, 2, 2.34, 6870, 4518
2860, 0, 0, 27, 27, 1, 1.34%, 0, 0, 2, 2.03, 6877, 4518
2865, 0, 0, 27, 27, 1, 1.34%, 0, 0, 2, 2.54, 6891, 4518
2871, 0, 0, 27, 27, 1, 1.34%, 0, 0, 2, 2.83, 6904, 4518
2876, 0, 0, 27, 27, 1, 1.34%, 0, 0, 2, 2.55, 6913, 4518
2882, 0, 0, 27, 27, 1, 1.34%, 0, 0, 2, 2.76, 6928, 4518
2887, 0, 0, 27, 27, 1, 1.34%, 0, 0, 2, 2.66, 6940, 4518
2892, 0, 0, 27, 27, 1, 1.34%, 0, 0, 2, 2.83, 6951, 4518
2898, 0, 0, 27, 27, 1, 1.34%, 0, 0, 2, 2.80, 6963, 4518
2903, 0, 0, 27, 27, 1, 1.34%, 0, 0, 2, 3.00, 6976, 4518
2908, 0, 0, 27, 27, 1, 1.34%, 0, 0, 2, 2.82, 6986, 4518
2913, 0, 0, 27, 27, 1, 1.34%, 0, 0, 2, 2.90, 7000, 4518
2919, 0, 0, 27, 27, 1, 1.34%, 0, 0, 2, 2.96, 7013, 4518
2925, 0, 0, 27, 27, 1, 1.34%, 0, 0, 2, 2.73, 7027, 4518
2930, 0, 0, 27, 27, 1, 1.34%, 0, 0, 2, 2.95, 7041, 4518
2935, 0, 0, 27, 27, 1, 1.34%, 0, 0, 2, 2.93, 7054, 4518
2941, 0, 0, 27, 27, 1, 1.34%, 0, 0, 2, 3.16, 7067, 4518
2947, 0, 0, 27, 27, 1, 1.34%, 0, 0, 2, 2.94, 7080, 4518
2952, 0, 0, 27, 27, 1, 1.34%, 0, 0, 2, 2.53, 7090, 4518
2957, 0, 0, 27, 27, 1, 1.34%, 0, 0, 2, 2.49, 7100, 4518
2962, 0, 0, 27, 27, 1, 1.34%, 0, 0, 2, 2.46, 7108, 4518
2969, 0, 0, 27, 27, 1, 1.34%, 0, 0, 2, 2.10, 7115, 4518
2974, 0, 0, 27, 27, 1, 1.34%, 0, 0, 2, 1.99, 7122, 4518
2980, 0, 0, 27, 27, 1, 1.34%, 0, 0, 2, 1.86, 7131, 4518
2986, 0, 0, 27, 27, 1, 1.34%, 0, 0, 2, 1.63, 7136, 4518
2991, 0, 0, 27, 27, 1, 1.34%, 0, 0, 2, 1.64, 7143, 4518
2997, 0, 0, 27, 27, 1, 1.34%, 0, 0, 2, 1.70, 7152, 4518
3003, 0, 0, 27, 27, 1, 1.34%, 0, 0, 2, 1.49, 7157, 4518
3008, 0, 0, 27, 27, 1, 1.34%, 0, 0, 2, 1.45, 7162, 4518
3014, 0, 0, 27, 27, 1, 1.34%, 0, 0, 2, 1.62, 7170, 4518
3019, 0, 0, 27, 27, 1, 1.34%, 0, 0, 2, 1.92, 7181, 4518
3024, 0, 0, 27, 27, 1, 1.34%, 0, 0, 2, 2.10, 7191, 4518
3030, 0, 0, 27, 27, 1, 1.34%, 0, 0, 2, 1.91, 7199, 4518
3035, 0, 0, 27, 27, 1, 1.34%, 0, 0, 2, 2.03, 7209, 4518
3040, 0, 0, 27, 27, 1, 1.34%, 0, 0, 2, 2.51, 7223, 4518
3046, 0, 0, 27, 27, 1, 1.34%, 0, 0, 2, 2.31, 7235, 4518
3052, 0, 0, 27, 27, 1, 1.34%, 0, 0, 2, 2.09, 7241, 4518
3057, 0, 0, 27, 27, 1, 1.34%, 0, 0, 2, 2.04, 7249, 4518
3062, 0, 0, 27, 27, 1, 1.34%, 0, 0, 2, 2.22, 7260, 4518
3068, 0, 0, 27, 27, 1, 1.34%, 0, 0, 2, 2.06, 7268, 4518
3073, 0, 0, 27, 27, 1, 1.34%, 0, 0, 2, 2.09, 7275, 4518
3078, 0, 0, 27, 27, 1, 1.34%, 0, 0, 2, 2.06, 7284, 4518
3084, 0, 0, 27, 27, 1, 1.34%, 0, 0, 2, 1.80, 7289, 4518
3090, 0, 0, 27, 27, 1, 1.34%, 0, 0, 2, 1.54, 7293, 4518
3096, 0, 0, 27, 27, 1, 1.34%, 0, 0, 2, 1.48, 7299, 4518
3101, 0, 0, 27, 27, 1, 1.34%, 0, 0, 2, 2.13, 7310, 4518
3106, 0, 0, 27, 27, 1, 1.34%, 0, 0, 2, 2.11, 7320, 4518
3113, 0, 0, 27, 27, 1, 1.34%, 0, 0, 2, 1.84, 7326, 4518
3118, 0, 0, 27, 27, 1, 1.34%, 0, 0, 2, 1.65, 7331, 4518
3123, 0, 0, 27, 27, 1, 1.34%, 0, 0, 2, 1.82, 7339, 4518
3128, 0, 0, 27, 27, 1, 1.34%, 0, 0, 2, 1.74, 7346, 4518
3134, 0, 0, 27, 27, 1, 1.34%, 0, 0, 2, 1.50, 7350, 4518
3140, 0, 0, 27, 27, 1, 1.34%, 0, 0, 2, 1.31, 7354, 4518
3146, 0, 0, 27, 27, 1, 1.34%, 0, 0, 2, 1.17, 7358, 4518
3152, 0, 0, 27, 27, 1, 1.34%, 0, 0, 2, 1.23, 7364, 4518
3157, 0, 0, 27, 27, 1, 1.34%, 0, 0, 2, 1.80, 7376, 4518
3162, 0, 0, 27, 27, 1, 1.34%, 0, 0, 2, 1.87, 7386, 4518
3168, 0, 0, 27, 27, 1, 1.34%, 0, 0, 2, 1.71, 7392, 4518
3173, 0, 0, 27, 27, 1, 1.34%, 0, 0, 2, 1.79, 7401, 4518
3179, 0, 0, 27, 27, 1, 1.34%, 0, 0, 2, 1.92, 7412, 4518
3185, 0, 0, 27, 27, 1, 1.34%, 0, 0, 2, 1.86, 7419, 4518
3190, 0, 0, 27, 27, 1, 1.34%, 0, 0, 2, 1.59, 7423, 4518
3196, 0, 0, 27, 27, 1, 1.34%, 0, 0, 2, 1.71, 7430, 4518
3201, 0, 0, 27, 27, 1, 1.34%, 0, 0, 2, 1.69, 7438, 4518
3206, 0, 0, 27, 27, 1, 1.34%, 0, 0, 2, 1.75, 7447, 4518
3212, 0, 0, 27, 27, 1, 1.34%, 0, 0, 2, 1.70, 7456, 4518
3217, 0, 0, 27, 27, 1, 1.34%, 0, 0, 2, 1.78, 7464, 4518
3222, 0, 0, 27, 27, 1, 1.34%, 0, 0, 2, 1.75, 7472, 4518
3228, 0, 0, 27, 27, 1, 1.34%, 0, 0, 2, 1.86, 7481, 4518
3233, 0, 0, 27, 27, 1, 1.34%, 0, 0, 2, 2.05, 7492, 4518
3238, 0, 0, 27, 27, 1, 1.34%, 0, 0, 2, 2.14, 7500, 4518
3244, 0, 0, 27, 27, 1, 1.34%, 0, 0, 2, 2.14, 7509, 4518
3249, 0, 0, 27, 27, 1, 1.34%, 0, 0, 2, 2.60, 7523, 4518
3255, 0, 0, 27, 27, 1, 1.34%, 0, 0, 2, 2.38, 7535, 4518
3260, 0, 0, 27, 27, 1, 1.34%, 0, 0, 2, 2.83, 7547, 4518
3265, 0, 0, 27, 27, 1, 1.34%, 0, 0, 2, 2.70, 7560, 4518
3270, 0, 0, 27, 27, 1, 1.34%, 0, 0, 2, 2.45, 7569, 4518
3276, 0, 0, 27, 27, 1, 1.34%, 0, 0, 2, 2.54, 7581, 4518
3281, 0, 0, 27, 27, 1, 1.34%, 0, 0, 2, 2.39, 7592, 4518
3287, 0, 0, 27, 27, 1, 1.34%, 0, 0, 2, 2.01, 7597, 4518
3292, 0, 0, 27, 27, 1, 1.34%, 0, 0, 2, 2.28, 7610, 4518
3298, 0, 0, 27, 27, 1, 1.34%, 0, 0, 2, 2.57, 7625, 4518
3303, 0, 0, 27, 27, 1, 1.34%, 0, 0, 2, 2.15, 7632, 4518
3309, 0, 0, 27, 27, 1, 1.34%, 0, 0, 2, 2.16, 7642, 4518
3314, 0, 0, 27, 27, 1, 1.34%, 0, 0, 2, 2.13, 7652, 4518
3320, 0, 0, 27, 27, 1, 1.34%, 0, 0, 2, 1.97, 7660, 4518
3325, 0, 0, 27, 27, 1, 1.34%, 0, 0, 2, 2.42, 7674, 4518
3330, 0, 0, 27, 27, 1, 1.34%, 0, 0, 2, 2.53, 7688, 4518
3336, 0, 0, 27, 27, 1, 1.34%, 0, 0, 2, 2.13, 7693, 4518
3341, 0, 0, 27, 27, 1, 1.34%, 0, 0, 2, 2.19, 7701, 4518
3346, 0, 0, 27, 27, 1, 1.34%, 0, 0, 2, 2.34, 7713, 4518
3351, 0, 0, 27, 27, 1, 1.34%, 0, 0, 2, 2.49, 7725, 4518
3357, 0, 0, 27, 27, 1, 1.34%, 0, 0, 2, 2.37, 7734, 4518
3362, 0, 0, 27, 27, 1, 1.34%, 0, 0, 2, 2.75, 7748, 4518
3368, 0, 0, 27, 27, 1, 1.34%, 0, 0, 2, 2.86, 7760, 4518
3374, 0, 0, 27, 27, 1, 1.34%, 0, 0, 2, 2.59, 7770, 4518
3379, 0, 0, 27, 27, 1, 1.34%, 0, 0, 2, 2.84, 7784, 4518
3385, 0, 0, 27, 27, 1, 1.34%, 0, 0, 2, 2.80, 7797, 4518
3390, 0, 0, 27, 27, 1, 1.34%, 0, 0, 2, 2.67, 7808, 4518
3395, 0, 0, 27, 27, 1, 1.34%, 0, 0, 2, 2.53, 7818, 4518
3401, 0, 0, 27, 27, 1, 1.34%, 0, 0, 2, 2.26, 7826, 4518
3406, 0, 0, 27, 27, 1, 1.34%, 0, 0, 2, 2.38, 7835, 4518
3411, 0, 0, 28, 28, 1, 1.34%, 0, 0, 2, 1.52, 7852, 4520
3416, 0, 0, 28, 28, 1, 1.34%, 0, 0, 2, 1.82, 7861, 4520
3422, 0, 0, 28, 28, 1, 1.34%, 0, 0, 2, 1.79, 7869, 4520
3427, 0, 0, 28, 28, 1, 1.34%, 0, 0, 2, 1.64, 7874, 4520
3433, 0, 0, 28, 28, 1, 1.34%, 0, 0, 2, 1.63, 7882, 4520
3439, 0, 0, 28, 28, 1, 1.34%, 0, 0, 2, 2.16, 7896, 4520
3445, 0, 0, 28, 28, 1, 1.34%, 0, 0, 2, 2.43, 7909, 4520
3450, 0, 0, 28, 28, 1, 1.34%, 0, 0, 2, 2.58, 7921, 4520
3455, 0, 0, 28, 28, 1, 1.34%, 0, 0, 2, 2.45, 7932, 4520
3461, 0, 0, 28, 28, 1, 1.34%, 0, 0, 2, 2.37, 7944, 4520
3466, 0, 0, 28, 28, 1, 1.34%, 0, 0, 2, 2.25, 7953, 4520
3471, 0, 0, 28, 28, 1, 1.34%, 0, 0, 2, 2.22, 7963, 4520
3476, 0, 0, 28, 28, 1, 1.34%, 0, 0, 2, 2.55, 7975, 4520
3481, 0, 0, 28, 28, 1, 1.34%, 0, 0, 2, 2.64, 7986, 4520
3486, 0, 0, 28, 28, 1, 1.34%, 0, 0, 2, 2.56, 7997, 4520
3492, 0, 0, 28, 28, 1, 1.34%, 0, 0, 2, 2.63, 8009, 4520
3497, 0, 0, 28, 28, 1, 1.34%, 0, 0, 2, 2.40, 8020, 4520
3503, 0, 0, 28, 28, 1, 1.34%, 0, 0, 2, 2.65, 8033, 4520
3508, 0, 0, 29, 29, 1, 1.34%, 0, 0, 2, 24.32, 8054, 4520
3514, 0, 0, 29, 29, 1, 1.34%, 0, 0, 2, 1.61, 8064, 4520
3520, 0, 0, 29, 29, 1, 1.34%, 0, 0, 2, 1.80, 8075, 4520
3525, 0, 0, 29, 29, 1, 1.34%, 0, 0, 2, 2.05, 8088, 4520
3531, 0, 0, 29, 29, 1, 1.34%, 0, 0, 2, 2.12, 8099, 4520
3536, 0, 0, 29, 29, 1, 1.34%, 0, 0, 2, 2.05, 8108, 4520
3541, 0, 0, 29, 29, 1, 1.34%, 0, 0, 2, 2.20, 8119, 4520
3547, 0, 0, 29, 29, 1, 1.34%, 0, 0, 2, 2.09, 8129, 4520
3553, 0, 0, 29, 29, 1, 1.34%, 0, 0, 2, 2.12, 8139, 4520
3558, 0, 0, 29, 29, 1, 1.34%, 0, 0, 2, 2.44, 8152, 4520
3563, 0, 0, 29, 29, 1, 1.34%, 0, 0, 2, 2.35, 8161, 4520
3569, 0, 0, 29, 29, 1, 1.34%, 0, 0, 2, 2.09, 8169, 4520
3574, 0, 0, 29, 29, 1, 1.34%, 0, 0, 2, 2.29, 8182, 4520
3580, 0, 0, 29, 29, 1, 1.34%, 0, 0, 2, 2.28, 8194, 4520
3585, 0, 0, 29, 29, 1, 1.34%, 0, 0, 2, 2.40, 8205, 4520
3590, 0, 0, 29, 29, 1, 1.34%, 0, 0, 2, 2.43, 8217, 4520
3596, 0, 0, 29, 29, 1, 1.34%, 0, 0, 2, 2.63, 8229, 4520
3602, 0, 0, 29, 29, 1, 1.34%, 0, 0, 2, 2.50, 8239, 4520
3607, 0, 0, 29, 29, 1, 1.34%, 0, 0, 2, 2.31, 8248, 4520
3612, 0, 0, 29, 29, 1, 1.34%, 0, 0, 2, 2.38, 8258, 4520
3618, 0, 0, 29, 29, 1, 1.34%, 0, 0, 2, 2.33, 8268, 4520
3623, 0, 0, 29, 29, 1, 1.34%, 0, 0, 2, 2.30, 8279, 4520
3629, 0, 0, 29, 29, 1, 1.34%, 0, 0, 2, 2.42, 8293, 4520
3634, 0, 0, 29, 29, 1, 1.34%, 0, 0, 2, 2.19, 8301, 4520
3639, 0, 0, 29, 29, 1, 1.34%, 0, 0, 2, 2.13, 8310, 4520
3644, 0, 0, 29, 29, 1, 1.34%, 0, 0, 2, 2.23, 8321, 4520
3649, 0, 0, 29, 29, 1, 1.34%, 0, 0, 2, 2.31, 8332, 4520
3655, 0, 0, 29, 29, 1, 1.34%, 0, 0, 2, 2.31, 8345, 4520
3660, 0, 0, 29, 29, 1, 1.34%, 0, 0, 2, 2.32, 8357, 4520
3665, 0, 0, 29, 29, 1, 1.34%, 0, 0, 2, 2.48, 8369, 4520
3671, 0, 0, 29, 29, 1, 1.34%, 0, 0, 2, 2.39, 8379, 4520
3677, 0, 0, 29, 29, 1, 1.34%, 0, 0, 2, 2.22, 8389, 4520
3682, 0, 0, 29, 29, 1, 1.34%, 0, 0, 2, 2.25, 8400, 4520
3687, 0, 0, 29, 29, 1, 1.34%, 0, 0, 2, 2.08, 8408, 4520
3693, 0, 0, 29, 29, 1, 1.34%, 0, 0, 2, 2.21, 8417, 4520
3698, 0, 0, 29, 29, 1, 1.34%, 0, 0, 2, 2.19, 8427, 4520
3704, 0, 0, 29, 29, 1, 1.34%, 0, 0, 2, 2.29, 8439, 4520
3709, 0, 0, 29, 29, 1, 1.34%, 0, 0, 2, 2.37, 8450, 4520
3714, 0, 0, 29, 29, 1, 1.34%, 0, 0, 2, 2.17, 8460, 4520
3719, 0, 0, 29, 29, 1, 1.34%, 0, 0, 2, 2.45, 8472, 4520
3725, 0, 0, 29, 29, 1, 1.34%, 0, 0, 2, 2.40, 8485, 4520
3730, 0, 0, 29, 29, 1, 1.34%, 0, 0, 2, 2.23, 8495, 4520
3735, 0, 0, 29, 29, 1, 1.34%, 0, 0, 2, 2.09, 8504, 4520
3740, 0, 0, 29, 29, 1, 1.34%, 0, 0, 2, 2.15, 8515, 4520
3745, 0, 0, 29, 29, 1, 1.34%, 0, 0, 2, 2.31, 8527, 4520
3751, 0, 0, 29, 29, 1, 1.34%, 0, 0, 2, 2.11, 8536, 4520
3756, 0, 0, 29, 29, 1, 1.34%, 0, 0, 2, 2.14, 8546, 4520
3762, 0, 0, 29, 29, 1, 1.34%, 0, 0, 2, 2.20, 8558, 4520
3767, 0, 0, 29, 29, 1, 1.34%, 0, 0, 2, 2.15, 8568, 4520
3773, 0, 0, 29, 29, 1, 1.34%, 0, 0, 2, 2.27, 8579, 4520
3778, 0, 0, 29, 29, 1, 1.34%, 0, 0, 2, 2.05, 8586, 4520
3784, 0, 0, 29, 29, 1, 1.34%, 0, 0, 2, 2.14, 8597, 4520
3789, 0, 0, 29, 29, 1, 1.34%, 0, 0, 2, 1.99, 8605, 4520
3794, 0, 0, 29, 29, 1, 1.34%, 0, 0, 2, 1.96, 8613, 4520
3800, 0, 0, 29, 29, 1, 1.34%, 0, 0, 2, 2.23, 8626, 4520
3805, 0, 0, 29, 29, 1, 1.34%, 0, 0, 2, 2.20, 8637, 4520
3810, 0, 0, 29, 29, 1, 1.34%, 0, 0, 2, 1.97, 8643, 4520
3815, 0, 0, 29, 29, 1, 1.34%, 0, 0, 2, 1.82, 8650, 4520
3822, 0, 0, 29, 29, 1, 1.34%, 0, 0, 2, 1.98, 8662, 4520
3827, 0, 0, 29, 29, 1, 1.34%, 0, 0, 2, 2.03, 8672, 4520
3832, 0, 0, 29, 29, 1, 1.34%, 0, 0, 2, 2.25, 8684, 4520
3838, 0, 0, 29, 29, 1, 1.34%, 0, 0, 2, 2.30, 8697, 4520
3843, 0, 0, 29, 29, 1, 1.34%, 0, 0, 2, 2.41, 8707, 4520
3848, 0, 0, 29, 29, 1, 1.34%, 0, 0, 2, 2.64, 8718, 4520
3853, 0, 0, 29, 29, 1, 1.34%, 0, 0, 2, 3.11, 8731, 4520
3859, 0, 0, 29, 29, 1, 1.34%, 0, 0, 2, 2.58, 8739, 4520
3865, 0, 0, 29, 29, 1, 1.34%, 0, 0, 2, 2.57, 8751, 4520
3870, 0, 0, 29, 29, 1, 1.34%, 0, 0, 2, 2.55, 8764, 4520
3876, 0, 0, 29, 29, 1, 1.34%, 0, 0, 2, 2.24, 8773, 4520
3881, 0, 0, 29, 29, 1, 1.34%, 0, 0, 2, 2.15, 8782, 4520
3886, 0, 0, 29, 29, 1, 1.34%, 0, 0, 2, 2.45, 8795, 4520
3891, 0, 0, 29, 29, 1, 1.34%, 0, 0, 2, 2.70, 8806, 4520
3896, 0, 0, 29, 29, 1, 1.34%, 0, 0, 2, 2.47, 8814, 4520
3901, 0, 0, 29, 29, 1, 1.34%, 0, 0, 2, 2.68, 8827, 4520
3907, 0, 0, 29, 29, 1, 1.34%, 0, 0, 2, 2.82, 8840, 4520
3913, 0, 0, 29, 29, 1, 1.34%, 0, 0, 2, 2.62, 8851, 4520
3918, 0, 0, 29, 29, 1, 1.34%, 0, 0, 2, 3.12, 8864, 4520
3924, 0, 0, 29, 29, 1, 1.34%, 0, 0, 2, 2.63, 8873, 4520
3929, 0, 0, 29, 29, 1, 1.34%, 0, 0, 2, 2.49, 8883, 4520
3934, 0, 0, 29, 29, 1, 1.34%, 0, 0, 2, 2.55, 8894, 4520
3940, 0, 0, 29, 29, 1, 1.34%, 0, 0, 2, 2.36, 8903, 4520
3946, 0, 0, 29, 29, 1, 1.34%, 0, 0, 2, 2.10, 8912, 4520
3951, 0, 0, 29, 29, 1, 1.34%, 0, 0, 2, 2.20, 8922, 4520
3957, 0, 0, 29, 29, 1, 1.34%, 0, 0, 2, 2.39, 8933, 4520
3962, 0, 0, 29, 29, 1, 1.34%, 0, 0, 2, 2.24, 8943, 4520
3968, 0, 0, 29, 29, 1, 1.34%, 0, 0, 2, 1.99, 8950, 4520
3973, 0, 0, 29, 29, 1, 1.34%, 0, 0, 2, 2.21, 8958, 4520
3978, 0, 0, 29, 29, 1, 1.34%, 0, 0, 2, 2.66, 8970, 4520
3983, 0, 0, 29, 29, 1, 1.34%, 0, 0, 2, 2.68, 8981, 4520
3988, 0, 0, 29, 29, 1, 1.34%, 0, 0, 2, 2.55, 8991, 4520
3994, 0, 0, 29, 29, 1, 1.34%, 0, 0, 2, 2.59, 9000, 4520
3999, 0, 0, 29, 29, 1, 1.34%, 0, 0, 2, 2.32, 9008, 4520
4004, 0, 0, 29, 29, 1, 1.34%, 0, 0, 2, 2.33, 9019, 4520
4011, 0, 0, 29, 29, 1, 1.34%, 0, 0, 2, 2.01, 9025, 4520
4016, 0, 0, 29, 29, 1, 1.34%, 0, 0, 2, 2.05, 9035, 4520
4022, 0, 0, 29, 29, 1, 1.34%, 0, 0, 2, 2.18, 9047, 4520
4027, 0, 0, 29, 29, 1, 1.34%, 0, 0, 2, 2.23, 9058, 4520
4033, 0, 0, 29, 29, 1, 1.34%, 0, 0, 2, 2.16, 9067, 4520
4038, 0, 0, 29, 29, 1, 1.34%, 0, 0, 2, 2.30, 9078, 4520
4043, 0, 0, 29, 29, 1, 1.34%, 0, 0, 2, 2.12, 9088, 4520
4048, 0, 0, 29, 29, 1, 1.34%, 0, 0, 2, 2.07, 9097, 4520
4053, 0, 0, 29, 29, 1, 1.34%, 0, 0, 2, 2.17, 9107, 4520
4059, 0, 0, 29, 29, 1, 1.34%, 0, 0, 2, 2.46, 9118, 4520
4064, 0, 0, 29, 29, 1, 1.34%, 0, 0, 2, 2.32, 9129, 4520
4069, 0, 0, 29, 29, 1, 1.34%, 0, 0, 2, 2.17, 9138, 4520
4074, 0, 0, 29, 29, 1, 1.34%, 0, 0, 2, 2.09, 9147, 4520
4079, 0, 0, 29, 29, 1, 1.34%, 0, 0, 2, 2.00, 9156, 4520
4084, 0, 0, 29, 29, 1, 1.34%, 0, 0, 2, 1.99, 9165, 4520
4090, 0, 0, 29, 29, 1, 1.34%, 0, 0, 2, 1.83, 9173, 4520
4095, 0, 0, 29, 29, 1, 1.34%, 0, 0, 2, 1.89, 9183, 4520
4101, 0, 0, 29, 29, 1, 1.34%, 0, 0, 2, 2.27, 9197, 4520
4107, 0, 0, 29, 29, 1, 1.34%, 0, 0, 2, 2.42, 9209, 4520
4112, 0, 0, 29, 29, 1, 1.34%, 0, 0, 2, 2.15, 9214, 4520
4117, 0, 0, 29, 29, 1, 1.34%, 0, 0, 2, 2.14, 9223, 4520
4122, 0, 0, 29, 29, 1, 1.34%, 0, 0, 2, 2.20, 9234, 4520
4128, 0, 0, 29, 29, 1, 1.34%, 0, 0, 2, 1.92, 9241, 4520
4134, 0, 0, 29, 29, 1, 1.34%, 0, 0, 2, 2.01, 9251, 4520
4139, 0, 0, 29, 29, 1, 1.34%, 0, 0, 2, 2.06, 9261, 4520
4144, 0, 0, 29, 29, 1, 1.34%, 0, 0, 2, 2.00, 9270, 4520
4149, 0, 0, 29, 29, 1, 1.34%, 0, 0, 2, 1.91, 9277, 4520
4155, 0, 0, 29, 29, 1, 1.34%, 0, 0, 2, 1.95, 9285, 4520
4160, 0, 0, 29, 29, 1, 1.34%, 0, 0, 2, 2.29, 9296, 4520
4165, 0, 0, 29, 29, 1, 1.34%, 0, 0, 2, 2.34, 9308, 4520
4170, 0, 0, 29, 29, 1, 1.34%, 0, 0, 2, 2.27, 9318, 4520
4176, 0, 0, 29, 29, 1, 1.34%, 0, 0, 2, 2.05, 9326, 4520
4182, 0, 0, 29, 29, 1, 1.34%, 0, 0, 2, 2.26, 9339, 4520
4187, 0, 0, 29, 29, 1, 1.34%, 0, 0, 2, 2.14, 9349, 4520
4192, 0, 0, 29, 29, 1, 1.34%, 0, 0, 2, 2.05, 9358, 4520
4198, 0, 0, 29, 29, 1, 1.34%, 0, 0, 2, 2.27, 9371, 4520
4203, 0, 0, 29, 29, 1, 1.34%, 0, 0, 2, 2.26, 9382, 4520
4208, 0, 0, 29, 29, 1, 1.34%, 0, 0, 2, 1.98, 9390, 4520
4213, 0, 0, 29, 29, 1, 1.34%, 0, 0, 2, 2.23, 9400, 4520
4219, 0, 0, 29, 29, 1, 1.34%, 0, 0, 2, 2.06, 9409, 4520
4224, 0, 0, 29, 29, 1, 1.34%, 0, 0, 2, 2.24, 9418, 4520
4229, 0, 0, 29, 29, 1, 1.34%, 0, 0, 2, 2.17, 9426, 4520
4234, 0, 0, 29, 29, 1, 1.34%, 0, 0, 2, 2.13, 9435, 4520
4239, 0, 0, 29, 29, 1, 1.34%, 0, 0, 2, 2.29, 9446, 4520
4245, 0, 0, 29, 29, 1, 1.34%, 0, 0, 2, 2.55, 9459, 4520
4250, 0, 0, 30, 30, 1, 1.35%, 0, 0, 2, 2.87, 9477, 4521
4255, 0, 0, 30, 30, 1, 1.35%, 0, 0, 2, 2.63, 9485, 4521
4261, 0, 0, 30, 30, 1, 1.35%, 0, 0, 2, 2.42, 9493, 4521
4266, 0, 0, 30, 30, 1, 1.35%, 0, 0, 2, 2.55, 9506, 4521
4272, 0, 0, 30, 30, 1, 1.35%, 0, 0, 2, 2.49, 9517, 4521
4277, 0, 0, 30, 30, 1, 1.35%, 0, 0, 2, 2.35, 9527, 4521
4282, 0, 0, 30, 30, 1, 1.35%, 0, 0, 2, 2.34, 9537, 4521
4287, 0, 0, 30, 30, 1, 1.35%, 0, 0, 2, 2.06, 9544, 4521
4293, 0, 0, 30, 30, 1, 1.35%, 0, 0, 2, 2.16, 9554, 4521
4298, 0, 0, 30, 30, 1, 1.35%, 0, 0, 2, 2.42, 9566, 4521
4303, 0, 0, 30, 30, 1, 1.35%, 0, 0, 2, 2.33, 9576, 4521
4309, 0, 0, 30, 30, 1, 1.35%, 0, 0, 2, 2.11, 9584, 4521
4314, 0, 0, 31, 31, 1, 1.35%, 0, 0, 2, 2.53, 9602, 4522
4319, 0, 0, 33, 33, 1, 1.35%, 0, 0, 2, 2.44, 9627, 4527
4324, 0, 0, 33, 33, 1, 1.35%, 0, 0, 2, 2.23, 9635, 4527
4329, 0, 0, 33, 33, 1, 1.35%, 0, 0, 2, 2.20, 9645, 4527
4335, 0, 0, 33, 33, 1, 1.35%, 0, 0, 2, 2.19, 9653, 4527
4340, 0, 0, 34, 34, 1, 1.35%, 0, 0, 2, 1.72, 9670, 4543
4345, 0, 0, 34, 34, 1, 1.35%, 0, 0, 2, 2.19, 9682, 4543
4350, 0, 0, 34, 34, 1, 1.35%, 0, 0, 2, 2.45, 9693, 4543
4356, 0, 0, 34, 34, 1, 1.35%, 0, 0, 2, 2.56, 9705, 4543
4362, 0, 0, 34, 34, 1, 1.35%, 0, 0, 2, 2.22, 9712, 4543
4368, 0, 0, 34, 34, 1, 1.35%, 0, 0, 2, 2.05, 9720, 4543
4373, 0, 0, 34, 34, 1, 1.35%, 0, 0, 2, 2.08, 9729, 4543
4378, 0, 0, 34, 34, 1, 1.35%, 0, 0, 2, 2.16, 9741, 4543
4383, 0, 0, 34, 34, 1, 1.35%, 0, 0, 2, 2.61, 9753, 4543
4389, 0, 0, 34, 34, 1, 1.35%, 0, 0, 2, 2.58, 9765, 4543
4395, 0, 0, 34, 34, 1, 1.35%, 0, 0, 2, 2.60, 9773, 4543
4400, 0, 0, 34, 34, 1, 1.35%, 0, 0, 2, 2.27, 9779, 4543
4405, 0, 0, 34, 34, 1, 1.35%, 0, 0, 2, 2.04, 9786, 4543
4411, 0, 0, 35, 35, 1, 1.41%, 0, 0, 2, 2.22, 9801, 4735
4416, 0, 0, 35, 35, 1, 1.41%, 0, 0, 2, 2.04, 9807, 4735
4421, 0, 0, 35, 35, 1, 1.41%, 0, 0, 2, 1.98, 9815, 4735
4427, 0, 0, 35, 35, 1, 1.41%, 0, 0, 2, 2.30, 9827, 4735
4432, 0, 0, 35, 35, 1, 1.41%, 0, 0, 2, 2.51, 9838, 4735
4438, 0, 0, 35, 35, 1, 1.41%, 0, 0, 2, 2.29, 9847, 4735
4443, 0, 0, 35, 35, 1, 1.41%, 0, 0, 2, 2.18, 9858, 4735
4449, 0, 0, 36, 36, 1, 1.41%, 0, 0, 2, 1.28, 9876, 4736
4454, 0, 0, 37, 37, 1, 1.41%, 0, 0, 2, 1.64, 9893, 4740
4459, 0, 0, 39, 39, 1, 1.43%, 0, 0, 2, 2.62, 9917, 4799
4464, 0, 0, 39, 39, 1, 1.43%, 0, 0, 2, 2.43, 9926, 4799
4469, 0, 0, 40, 40, 1, 1.43%, 0, 0, 2, 2.38, 9945, 4801
4475, 0, 0, 40, 40, 1, 1.43%, 0, 0, 2, 2.42, 9956, 4801
4481, 0, 0, 40, 40, 1, 1.43%, 0, 0, 2, 2.62, 9968, 4801
4486, 0, 0, 40, 40, 1, 1.43%, 0, 0, 2, 2.47, 9977, 4801
4491, 0, 0, 40, 40, 1, 1.43%, 0, 0, 2, 2.51, 9985, 4801
4496, 0, 0, 40, 40, 1, 1.43%, 0, 0, 2, 2.25, 9994, 4801
4502, 0, 0, 41, 41, 1, 1.43%, 0, 0, 2, 1.62, 10010, 4804
4507, 0, 0, 41, 41, 1, 1.43%, 0, 0, 2, 2.19, 10023, 4804
4513, 0, 0, 41, 41, 1, 1.43%, 0, 0, 2, 2.32, 10035, 4804
4518, 0, 0, 41, 41, 1, 1.43%, 0, 0, 2, 2.15, 10044, 4804
4523, 0, 0, 41, 41, 1, 1.43%, 0, 0, 2, 2.06, 10052, 4804
4528, 0, 0, 41, 41, 1, 1.43%, 0, 0, 2, 2.00, 10061, 4804
4535, 0, 0, 41, 41, 1, 1.43%, 0, 0, 2, 2.10, 10073, 4804
4540, 0, 0, 41, 41, 1, 1.43%, 0, 0, 2, 0.43, 10080, 4804
4545, 0, 0, 41, 41, 1, 1.43%, 0, 0, 2, 1.12, 10089, 4804
4550, 0, 0, 41, 41, 1, 1.43%, 0, 0, 2, 1.10, 10101, 4804
4555, 0, 0, 41, 41, 1, 1.43%, 0, 0, 2, 1.50, 10112, 4804
4561, 0, 0, 41, 41, 1, 1.43%, 0, 0, 2, 1.73, 10123, 4804
4566, 0, 0, 41, 41, 1, 1.43%, 0, 0, 2, 2.52, 10135, 4804
4572, 0, 0, 41, 41, 1, 1.43%, 0, 0, 2, 2.41, 10146, 4804
4577, 0, 0, 41, 41, 1, 1.43%, 0, 0, 2, 2.29, 10157, 4804
4583, 0, 0, 41, 41, 1, 1.43%, 0, 0, 2, 2.77, 10169, 4804
4588, 0, 0, 41, 41, 1, 1.43%, 0, 0, 2, 2.77, 10179, 4804
4594, 0, 0, 43, 43, 1, 1.43%, 0, 0, 2, 2.23, 10204, 4812
4599, 0, 0, 44, 44, 1, 1.44%, 0, 0, 2, 1.35, 10220, 4827
4604, 0, 0, 45, 45, 1, 1.44%, 0, 0, 2, 1.62, 10237, 4828
4609, 0, 0, 46, 46, 1, 1.44%, 0, 0, 2, 1.94, 10253, 4838
4614, 0, 0, 47, 47, 1, 1.44%, 0, 0, 2, 2.11, 10270, 4839
4619, 0, 0, 47, 47, 1, 1.44%, 0, 0, 2, 2.20, 10279, 4839
4625, 0, 0, 47, 47, 1, 1.44%, 0, 0, 2, 2.11, 10287, 4839
4630, 0, 0, 47, 47, 1, 1.44%, 0, 0, 2, 1.90, 10294, 4839
4635, 0, 0, 47, 47, 1, 1.44%, 0, 0, 2, 1.96, 10303, 4839
4641, 0, 0, 47, 47, 1, 1.44%, 0, 0, 2, 2.00, 10312, 4839
4647, 0, 0, 47, 47, 1, 1.44%, 0, 0, 2, 2.00, 10322, 4839
4652, 0, 0, 47, 47, 1, 1.44%, 0, 0, 2, 2.03, 10332, 4839
4657, 0, 0, 47, 47, 1, 1.44%, 0, 0, 2, 2.03, 10341, 4839
4663, 0, 0, 47, 47, 1, 1.44%, 0, 0, 2, 2.42, 10351, 4839
4669, 0, 0, 47, 47, 1, 1.44%, 0, 0, 2, 2.55, 10363, 4839
4674, 0, 0, 47, 47, 1, 1.44%, 0, 0, 2, 2.55, 10374, 4839
4679, 0, 0, 47, 47, 1, 1.44%, 0, 0, 2, 2.47, 10385, 4839
4684, 0, 0, 47, 47, 1, 1.44%, 0, 0, 2, 2.21, 10392, 4839
4690, 0, 0, 47, 47, 1, 1.44%, 0, 0, 2, 2.06, 10402, 4839
4696, 0, 0, 47, 47, 1, 1.44%, 0, 0, 2, 2.35, 10415, 4839
4701, 0, 0, 47, 47, 1, 1.44%, 0, 0, 2, 2.42, 10424, 4839
4706, 0, 0, 47, 47, 1, 1.44%, 0, 0, 2, 2.17, 10432, 4839
4711, 0, 0, 47, 47, 1, 1.44%, 0, 0, 2, 2.30, 10443, 4839
4717, 0, 0, 47, 47, 1, 1.44%, 0, 0, 2, 2.42, 10455, 4839
4722, 0, 0, 47, 47, 1, 1.44%, 0, 0, 2, 2.42, 10466, 4839
4727, 0, 0, 47, 47, 1, 1.44%, 0, 0, 2, 2.42, 10476, 4839
4732, 0, 0, 47, 47, 1, 1.44%, 0, 0, 2, 2.52, 10488, 4839
4737, 0, 0, 47, 47, 1, 1.44%, 0, 0, 2, 2.25, 10496, 4839
4743, 0, 0, 47, 47, 1, 1.44%, 0, 0, 2, 2.01, 10501, 4839
4749, 0, 0, 47, 47, 1, 1.44%, 0, 0, 2, 1.71, 10505, 4839
4755, 0, 0, 48, 48, 1, 1.44%, 0, 0, 2, 1.83, 10517, 4854
4760, 0, 0, 48, 48, 1, 1.44%, 0, 0, 2, 1.79, 10526, 4854
4765, 0, 0, 48, 48, 1, 1.44%, 0, 0, 2, 1.91, 10536, 4854
4770, 0, 0, 48, 48, 1, 1.44%, 0, 0, 2, 1.90, 10544, 4854
4776, 0, 0, 49, 49, 1, 1.44%, 0, 0, 2, 11.55, 10560, 4856
4782, 0, 0, 49, 49, 1, 1.44%, 0, 0, 2, 2.32, 10569, 4856
4787, 0, 0, 49, 49, 1, 1.44%, 0, 0, 2, 2.07, 10576, 4856
4793, 0, 0, 49, 49, 1, 1.44%, 0, 0, 2, 2.14, 10584, 4856
4798, 0, 0, 49, 49, 1, 1.44%, 0, 0, 2, 2.25, 10593, 4856
4804, 0, 0, 49, 49, 1, 1.44%, 0, 0, 2, 2.69, 10606, 4856
4809, 0, 0, 49, 49, 1, 1.44%, 0, 0, 2, 2.73, 10617, 4856
4814, 0, 0, 49, 49, 1, 1.44%, 0, 0, 2, 2.53, 10626, 4856
4820, 0, 0, 51, 51, 1, 1.45%, 0, 0, 2, 2.12, 10653, 4860
4826, 0, 0, 53, 53, 1, 1.45%, 0, 0, 2, 1.53, 10677, 4861
4832, 0, 0, 55, 55, 1, 1.45%, 0, 0, 2, 2.10, 10698, 4863
4837, 0, 0, 56, 56, 1, 1.45%, 0, 0, 2, 2.07, 10710, 4864
4844, 0, 0, 59, 59, 1, 1.45%, 0, 0, 2, 2.40, 10742, 4868
4849, 0, 0, 60, 60, 1, 1.45%, 0, 0, 2, 1.58, 10760, 4869
4856, 0, 0, 60, 60, 1, 1.45%, 0, 0, 2, 1.65, 10770, 4869
4861, 0, 0, 61, 61, 1, 1.45%, 0, 0, 2, 1.35, 10788, 4870
4867, 0, 0, 61, 61, 1, 1.45%, 0, 0, 2, 1.47, 10795, 4870
4873, 0, 0, 61, 61, 1, 1.45%, 0, 0, 2, 1.30, 10800, 4870
4878, 0, 0, 61, 61, 1, 1.45%, 0, 0, 2, 1.43, 10806, 4870
4884, 0, 0, 62, 62, 1, 1.45%, 0, 0, 2, 0.80, 10821, 4871
4889, 0, 0, 63, 63, 1, 1.45%, 0, 0, 2, 1.45, 10839, 4875
4894, 0, 0, 63, 63, 1, 1.45%, 0, 0, 2, 1.67, 10847, 4875
4899, 0, 0, 63, 63, 1, 1.45%, 0, 0, 2, 2.07, 10856, 4875
4904, 0, 0, 63, 63, 1, 1.45%, 0, 0, 2, 2.19, 10866, 4875
4910, 0, 0, 63, 63, 1, 1.45%, 0, 0, 2, 2.04, 10876, 4875
4915, 0, 0, 63, 63, 1, 1.45%, 0, 0, 2, 2.15, 10886, 4875
4920, 0, 0, 63, 63, 1, 1.45%, 0, 0, 2, 2.10, 10894, 4875
4926, 0, 0, 63, 63, 1, 1.45%, 0, 0, 2, 1.86, 10901, 4875
4932, 0, 0, 63, 63, 1, 1.45%, 0, 0, 2, 1.60, 10905, 4875
4938, 0, 0, 63, 63, 1, 1.45%, 0, 0, 2, 1.39, 10909, 4875
4943, 0, 0, 63, 63, 1, 1.45%, 0, 0, 2, 1.24, 10913, 4875
4949, 0, 0, 63, 63, 1, 1.45%, 0, 0, 2, 1.12, 10917, 4875
4954, 0, 0, 63, 63, 1, 1.45%, 0, 0, 2, 1.03, 10921, 4875
4960, 0, 0, 63, 63, 1, 1.45%, 0, 0, 2, 0.95, 10925, 4875
4966, 0, 0, 63, 63, 1, 1.45%, 0, 0, 2, 0.90, 10929, 4875
4971, 0, 0, 63, 63, 1, 1.45%, 0, 0, 2, 0.85, 10933, 4875
4977, 0, 0, 63, 63, 1, 1.45%, 0, 0, 2, 0.82, 10937, 4875
4983, 0, 0, 63, 63, 1, 1.45%, 0, 0, 2, 0.79, 10941, 4875
4988, 0, 0, 63, 63, 1, 1.45%, 0, 0, 2, 0.77, 10945, 4875
4994, 0, 0, 63, 63, 1, 1.45%, 0, 0, 2, 0.76, 10949, 4875
5000, 0, 0, 63, 63, 1, 1.45%, 0, 0, 2, 0.75, 10953, 4875
5005, 0, 0, 63, 63, 1, 1.45%, 0, 0, 2, 0.74, 10957, 4875
5011, 0, 0, 63, 63, 1, 1.45%, 0, 0, 2, 0.73, 10961, 4875
5017, 0, 0, 63, 63, 1, 1.45%, 0, 0, 2, 0.73, 10965, 4875
5022, 0, 0, 63, 63, 1, 1.45%, 0, 0, 2, 0.72, 10969, 4875
5028, 0, 0, 63, 63, 1, 1.45%, 0, 0, 2, 0.72, 10973, 4875
5034, 0, 0, 63, 63, 1, 1.45%, 0, 0, 2, 0.72, 10977, 4875
5039, 0, 0, 63, 63, 1, 1.45%, 0, 0, 2, 0.71, 10981, 4875
5045, 0, 0, 63, 63, 1, 1.45%, 0, 0, 2, 0.71, 10985, 4875
5051, 0, 0, 63, 63, 1, 1.45%, 0, 0, 2, 0.71, 10989, 4875
5056, 0, 0, 63, 63, 1, 1.45%, 0, 0, 2, 0.71, 10993, 4875
5062, 0, 0, 63, 63, 1, 1.45%, 0, 0, 2, 0.71, 10997, 4875
5068, 0, 0, 63, 63, 1, 1.45%, 0, 0, 2, 0.71, 11001, 4875
5073, 0, 0, 63, 63, 1, 1.45%, 0, 0, 2, 0.71, 11005, 4875
5079, 0, 0, 63, 63, 1, 1.45%, 0, 0, 2, 0.71, 11009, 4875
5084, 0, 0, 63, 63, 1, 1.45%, 0, 0, 2, 0.71, 11013, 4875
5091, 0, 0, 63, 63, 1, 1.45%, 0, 0, 2, 0.69, 11017, 4875
5097, 0, 0, 63, 63, 1, 1.45%, 0, 0, 2, 0.65, 11019, 4875
5103, 0, 0, 63, 63, 1, 1.45%, 0, 0, 2, 0.66, 11023, 4875
5109, 0, 0, 63, 63, 1, 1.45%, 0, 0, 2, 0.63, 11026, 4875
